0.02096672186016478	0.08802951291247404	0.01981696284641555	0.07868487509701315	0.08336154165589268	0.021882009632073512	0.02835139381372754	0.04407391122851634	0.01453267681120718	0.17466890619826964	0.03749704499569335	0.006945503327699679	0.11853053344247853	0.1614016714522839	0.022912482502230866	0.0017145661824357686	0.014256710100537695	0.0012581857133213345	0.052177678109641835	0.008937112117922412
0.06666510542738179	0.009204671635741186	0.1098829854971541	0.013307820685001921	0.005693831334458249	0.16917136037729982	0.0022803200733492596	0.03946724793385284	0.12429320398459039	0.021118172107292204	0.03443033967485502	0.0020395511557159407	0.016511992994752124	0.04327886709050489	0.031886769518784455	0.018322685384705883	0.15209274769185283	0.018067821119026016	0.11872618133859501	0.003558324975085729
0.038352488320219716	0.004958614293912811	0.02911960552041251	0.05594514781051108	0.06605832667764525	0.04376733521935486	0.13226100360334536	0.023026507149962898	0.043448447773930324	0.039107257466247505	0.005005085622577836	0.02685861099519654	0.09467731003079853	0.029815449820878144	0.032866883993418666	0.012635422331674667	0.0020818183663538214	0.009565688426921272	0.08816806571753172	0.22228093085910622
0.06025428538311265	0.04994016461535999	0.03516505502932352	0.0037064060587124747	0.01786626623245012	0.028838655146638657	0.01687910510877129	3.690269781901623E-4	0.060836859384486804	0.23493631287165162	0.009897973309645605	0.024962080672923326	0.122236030654179	0.026649551395474057	0.008046280100828085	0.07569034866516264	0.045063176631644754	0.032494217967149866	0.12522989712117213	0.020938306673123044
0.18198591077593312	0.08115133642788722	0.03651647027552263	0.008310671010268014	0.004746500487097197	0.06436732509430163	0.0037327061942905027	0.04651546908135778	0.0728066396221215	0.022063048067734056	0.06776996534778701	0.006028658101774727	0.11561563539525714	0.03203850505380396	0.07238107809059273	0.015268514667409173	0.00941025735903274	0.054946747712815935	0.030460647440612772	0.07388391379439987
0.0026428007083722366	0.08862018304970573	0.01523666749019894	0.005706441939379213	0.07170609216054326	2.6146271913299324E-4	7.102426637788373E-4	0.0018928015406751847	0.17043407797128263	0.13980467309995648	0.04170497128823067	0.12649762829584482	0.02661683586657539	0.053040430849815634	0.01878390370009055	0.005842465950134421	0.12879177251418134	0.025857397379904216	0.03626672932352824	0.039582421488669084
0.08127417248731779	0.08993901546069999	0.022703442805253382	0.011026248206970894	0.03275765923453949	0.05547395941450825	0.008520580331119174	0.06397194815565338	0.13315986614477734	0.012239432518060388	0.04383165401862619	0.03195455844619072	0.011997431422008743	0.08446356671409874	0.08942417221451324	0.05967764965282435	0.015393382909049756	0.02410710009656342	0.02519498422651606	0.10288917554070842
0.02389258725887139	0.07749127746323213	0.0015897179822264434	0.22875765864292336	0.03450626902273823	0.037307628057893984	0.04887283790445006	0.02559596004339625	0.01712371667913263	0.008942165428201629	0.03041657447116161	0.02289497661216947	0.025876543633582386	0.06307754138141107	0.010327959135124493	0.024709580491076903	0.08071458473488023	0.03018794190485185	0.07126246055178016	0.1364520186008955
0.06488375235483822	0.049032593125674824	0.0042739317259729015	0.029953187144539442	0.14110156435206667	0.06813503799690802	0.015631231364881717	0.06907622354990772	0.009977445888000668	0.029554409750484505	0.042697669694992536	0.05243022621713558	0.006456822843432401	0.09321914161798864	0.06487028728118978	0.013436336911039806	0.10634689837813446	0.07212791159652951	0.0023059819687653027	0.06448934623751704
0.03055692216713784	0.08397284491706178	0.028658740338892628	0.10017644499643671	0.08320706811452772	0.008333604957500435	0.06824202769235471	0.05525936477511767	0.047147881172077084	0.0783792670356988	0.020985190748437466	6.094624521627498E-4	0.25946557248000685	0.021165833576994454	0.08936149133309161	0.014904003671515453	0.004344312944344668	0.0015043995510519576	8.125795632304492E-4	0.0029129875123587376
0.03602741633972329	0.00453009983545348	0.13551124642636944	0.025183642346892854	0.08517824644765104	0.0579609697595444	0.04424443244648617	0.10304193660034598	0.04559329773138224	0.0871838833911694	0.0015119878341013013	0.014705433975531132	0.03071193258454212	0.06330664796830358	0.012030613420724222	0.018145525341713285	0.044547566887671676	0.06736285698703932	0.11485408285930486	0.008368180816049939
0.03841907844382551	0.053425880324886675	0.0474565614519754	0.03840906253072826	0.02361838290477745	0.16342554773735446	1.0096081628518938E-4	0.015548125554594894	0.0024946899065584685	0.11284292305056225	0.06109156255672847	0.15940174945127472	0.05635634027829158	0.034888808325450035	0.04047562161441564	0.00976701669855088	0.021863401191957347	0.00924753791730066	0.03785718613373776	0.0733095631107441
0.004202634999969285	0.14641895296910867	0.050141258537907296	0.12567680715584945	0.027673671998817363	0.012719848636698339	0.07460911150781603	0.009184937983867866	0.17023319050967795	0.0488751680879929	0.003841614841490211	0.01801000345274429	2.162605373255827E-4	0.008412667262638188	0.008556608495195857	0.07135219219548089	0.007875305080552564	0.14810119144598324	0.00344314764602488	0.06045542665485895
0.019390332295227145	0.13606377894028227	0.05113743861034896	0.024113029727078492	0.016643160360687352	0.006187775365473248	0.0772086236398338	0.0068900551392720236	0.00549463563954198	0.0086128993863607	0.020844836585081173	0.0017110743277154103	0.009964299406340409	0.09242690463492739	0.16009642621434406	0.1480658646075385	0.058054192384205915	0.019318752909487633	0.027737920411495438	0.11003799941475793
0.005924205096257698	0.060399143031528796	0.007694159771941822	0.02587920098251889	0.013599268886469972	0.05220702192117277	0.001624844170722367	0.05428142515833779	0.011715018575815889	0.06027559136662113	0.11508255169438361	0.09594504233212774	0.012982138824997685	0.023227131894796697	0.006538702042668834	0.156643229652135	0.09465045086714075	0.01973373280503662	0.16792491986746372	0.013672221057862047
0.04311365684828304	0.18207231580133382	0.0076607087673920896	0.03213030018932703	0.046123508133565104	0.04909688759532839	0.07200798112674324	0.05140582687097935	0.018494013605295748	0.19302017971695698	0.024003682233353398	0.04453468362939817	6.357465094566014E-4	0.027434654152431973	0.025656834432955952	0.09579903064725755	0.01343769105442956	0.03475850094427604	0.010456784872034386	0.028157012869201373
0.05136613758488505	0.07909735191966509	0.06882628005967503	0.014221781046888121	0.011343310906194254	0.08262816746600686	0.13406230240536693	0.08897775130424491	0.023143573624166153	0.06029868253982336	0.03517459927863746	0.0028865424010772953	0.007191625418006949	0.023573872884079767	0.013547142990546483	0.12175671192092734	0.02397957532436669	0.019047104402296768	0.04653490650082115	0.09234258002232404
0.059777544716060255	0.0717796631105737	0.01924959219257828	0.06360127493400275	0.012455506580804722	0.02414227782981159	0.01742882434447008	0.019818096263930215	0.0271848147648004	0.044199645741747694	0.18524990342459607	0.08557661337504457	0.01487801200298395	0.10745127183989656	0.11581166364410009	0.01792912224736417	0.035604576752676906	0.011066498264702455	0.041171572011739044	0.02562352595811623
0.03904220965541093	0.32012617622197354	0.009128750016661344	0.18690697187900804	0.03403309660312587	0.05549162327881982	0.09758701345431645	0.055473486577864446	0.02196085968760932	0.010171933348121456	0.008458677862888217	0.04508021309613704	0.025301530464211127	0.002729378052715649	0.01679154504359992	6.425164358681776E-4	0.00701877570911788	0.04301575866752992	0.01641655746645688	0.00462292647856382
0.06120616387421634	0.04607741815125848	0.02698203475081293	0.01926064792202558	0.03171263166582912	0.026570303100660296	0.033701345903922125	0.055970030920692616	0.0634397026576139	0.004280618884045524	0.033845024444341454	0.1085849007866085	0.007043541998982453	5.629916946573096E-4	0.035313650069517394	0.020702722451931676	0.08470059354671393	0.08439312385100624	0.02881667483130424	0.22683587849385964
0.02928923270543949	0.029592303131817682	0.0030992525091427595	0.02532291141124386	0.08960531568568164	0.01448899145193508	0.07080835601957727	0.033670824391728305	0.026958986045725185	0.14179157242480558	0.049185759349476395	0.095888498839698	0.13846890606387469	0.06167757661119498	0.09033334846363672	0.012798829821563606	0.06384724402098854	0.009893976612111527	0.012078807013668931	0.0011993074266895762
0.01713818092739324	0.059505756923090763	0.03105870624062756	0.019497797787438334	0.1487391567557459	0.0033614083505732195	0.1295452400147739	0.17544447031691965	0.04813948025240086	0.06127562190349178	0.04680654505581248	0.03389589613747588	0.07327118296481341	0.007236514773068255	0.03216942907322205	0.020695750284524177	0.006414855080113961	0.05585526917044932	0.010345009336667065	0.01960372865139798
0.06530040291905424	0.040021703002405526	0.028212479609936364	0.006802362793428808	0.0018095233596069418	0.004069777385547528	0.03950666092462297	0.0037463763061008834	0.02857494295113098	0.03916571973524212	0.0332898499025742	0.007148158823084096	0.02804489766010769	0.05646693056601987	0.15738413592975425	0.010284022179890433	0.169652435632056	0.06700144911635465	0.16112728249135871	0.052390888711723455
0.01768754876505927	0.07779851355719952	0.017886358211444957	0.15175906333232003	0.08939135811822063	1.0741596416077165E-4	0.02768429338671904	0.05454822937770838	0.007906246570386896	0.049704710533608004	0.11819531051212781	0.014485646249802128	0.06767843142684507	0.012659247185384893	0.005800339659581294	0.0027719648117055656	0.0315094574195179	0.0977812180254108	0.15352189051896475	0.001122756373832079
0.0304309880939378	0.10289376700654929	0.008406477419901255	0.020239181480587346	0.04332451656789543	0.022032579195425724	0.0913804876202979	0.08247445586053738	0.04972305027801286	0.011967922070961083	0.0849821766860357	0.012035182821488237	0.030117925731597685	0.09057013808757117	0.05791815343170401	0.053311086178632734	0.02307043344902576	0.061324089999727285	0.05147853879221337	0.07231884922789784
0.02244156138095251	0.008923627783483094	0.03269822724540339	0.014724402660356649	0.047968391959865846	0.07383745439217189	0.06594124476571844	0.007641311463725563	0.045050894001348984	0.030791101331942114	0.06484358342415726	0.12060495168441837	0.03770301237233482	0.06133278600387107	0.005576472328168568	0.09862630978137543	0.011526787054471521	0.07273870094562128	0.1190229853431925	0.05800619407742049
0.01635772497790127	0.024846515257407692	0.08371056723110805	0.05387236749703855	0.03528187615015983	0.0019898368259398252	0.0558105675635646	0.020949561156838777	0.0024737273816840266	0.04624472041819118	0.048234921832802	0.02836179420741387	0.09997759487476793	0.2137579254044386	0.026461201256977335	0.050307409690004266	0.10479590078658227	0.0266779509668067	0.04676396495084769	0.013123871569525367
0.09199320299754571	0.04805245966636075	0.03465101115132968	0.008977321980028742	0.026167674002048873	0.08007521161958135	0.03316258181296314	0.04374088100014897	0.03916662494114947	0.08313640422585014	0.016401601688649098	0.04383485557559073	0.005497923277180489	0.2145207911017643	0.01055027939170676	0.03463042346001537	0.07456478180648375	0.03523588532520536	0.04672206769718765	0.02891801727920945
0.11921636917926315	0.0018003057056205016	0.038834989336891695	0.024383070292014614	0.04489452621319174	0.1833583349051286	0.018934120834199854	0.020035311080574554	0.0115223229282881	0.06155215001221681	0.005636386902902003	0.021562372598963958	0.22368661821029606	0.057373868584305064	0.05119131204257485	0.021334718481701535	0.0031843943568087285	0.0591077218392557	0.008271861264613399	0.024119245231188753
0.033464008478167925	0.007661335533003272	0.08863419675797102	0.004394359861833577	0.007895845635697354	0.03275518259394341	0.0012092946325065815	0.1036781072521005	0.023828043922175413	0.013713089233364117	0.06602033708584726	0.11720954198828265	0.017788121790668708	0.021542633478233666	0.10725755971335332	0.06490934658224268	0.07696684778755253	0.16417924994427058	0.004466596968674838	0.042426300760110384
0.020939836049983722	0.008045659025093278	0.07856480925740719	0.033847466876165466	0.014457452021840837	0.05193265171549444	0.03686291223295701	0.0662068499857014	0.11585788710224736	0.045655212204262344	0.03992009115678243	0.015315371703811247	0.04851828276268089	0.1520127984006197	0.0013928586167171048	0.03925550494519569	0.04551058646062144	0.038866560364105525	0.004908206589378607	0.14192900252893415
0.008784981918407979	0.1542493014375285	0.1091578080094901	0.11867203738260486	0.007028892351524811	0.09418735979957424	0.018012034281047445	0.03948331323058777	0.09264093688608474	0.0754742556569736	0.03171321896743483	0.02577348742633096	5.374778274622252E-4	0.061852803610285646	0.029403850643926092	0.01974903982051865	0.005378635710949341	0.027105326098031058	0.053363059771080225	0.027432179170156758
0.10370410930895452	0.02430739677407218	0.014365437736719534	0.03201299007497123	3.020295793157782E-4	0.024280313179088974	0.016835458892350656	0.11266081114491618	0.016140170271155198	0.19615877395130815	0.011590965377149785	0.027411370140338606	0.03843456310959443	0.01702661492064326	0.11981681708007194	0.003014772816586561	0.04706064489119557	0.1647707043054603	0.013033461425089828	0.01707259502101713
0.14385399765132373	8.604135472123631E-4	0.07479992119798717	0.012079531005437391	0.11932248644919571	0.10865968243074081	0.039005027275724566	0.01122788212099056	0.010637151073720222	0.03543295683269046	0.020909542647097223	0.005837505465772358	0.06815854730518175	0.005293182387483705	0.017313960727040376	0.1244201228802014	0.07428185015280284	0.04978368362096014	0.07399531177907437	0.004127243449362564
0.004188972179445548	0.02590426944103637	0.018499000148240553	0.10735303560887585	0.04018384833382048	0.012329923132733678	0.1803878980296556	0.020795538413376106	0.021505259195233672	0.08587615252115482	0.008117000839415849	0.026179391648194463	0.021936765390944798	0.05051954769676856	0.04572246528359567	0.046227622013223585	0.15155783018265184	0.006499004328750085	0.10656426174416331	0.019652213868718942
0.004094637239710652	0.12075267297309068	0.029233900810405274	0.02100795719479258	0.012342856555397519	0.04043990419935313	0.032611395336814876	0.010159761414565656	0.025922345875820763	0.04656837733431861	0.07099866284033762	0.03755649140097917	0.010351115417796763	0.01115455656534807	0.04087787384173932	0.08411465070247688	0.020359490404082185	0.06696699099090786	0.27472221300316424	0.03976414589889805
0.02539436148805635	0.13722135907081617	0.07380622121184362	0.08928580077800632	0.03758891776007582	0.0067777435768841335	0.015035697652069073	0.09555930899700349	0.02087096832878603	0.014901091550878591	0.00222689109940416	0.13357165184655012	0.015504232658222303	0.04220189067784052	0.002183950309443114	0.00957065484210446	0.012943252929307696	0.04275133211558034	0.1993688680230897	0.02323580508403778
0.06926566534678272	0.04762326851831317	0.015089133137257765	0.07652985520877258	0.10731848885466813	0.03631880957555587	0.04328394086984641	0.03023324460444163	0.09272533207327754	0.10724011533546486	0.019812577573139596	0.029858904769828935	0.11350493462705664	0.023146903238195002	0.010600889733948779	0.04222186048448773	0.00706232708007741	0.03818026510886481	0.024125906920401646	0.06585757693961855
0.1977754395094953	0.013275149574787336	0.012938824338945672	0.04748518017733463	0.02852559627886758	0.06436885073281277	0.0570670172818174	0.062148336500700466	0.03500705343106164	0.059053268943415116	0.016158757023171384	0.00700738271173966	0.0017581456973985998	0.0012546962195913933	0.2403364522210083	0.06059803539137004	0.04717322027952938	0.01073639357401747	0.0050335131989797735	0.032298686913955765
0.018783340079236932	0.0525456226282905	0.019148052319009255	0.01569180387663118	0.02383238493146246	0.07528279419303048	0.01987192125386652	0.04709590654012996	0.05793458454068197	0.15770312507471634	0.044212714987876094	0.032739613908954676	0.07903069145026731	0.17003593759658914	0.03280803617325633	0.0034367919047865944	0.013279061360107293	0.06588835859272868	0.0681333851952377	0.0025458733931403507
0.00531575724473194	0.0837971127302232	0.15350448999032662	0.050046727012100285	0.028138660651806743	0.03364862419172329	0.0877634066220285	0.03782831054926095	0.015049957051434068	0.05799268572798313	0.011904267751031913	0.006127633856788162	0.05029305081504871	0.06276675914491411	0.09784751819772967	0.014713595444314831	0.10900195200769161	0.031708254931287684	0.001485865359582228	0.06106537071999221
0.0344816131013406	0.0076769594225620935	0.08777939699036472	0.020002956857480374	0.10526087945239515	0.054311766403679934	0.10196314008069149	0.02190755655133595	0.022584196210155345	0.01778257558287797	0.07109858999422969	0.04813479275310383	0.06237959420729812	0.018410958779841384	0.07317569138900204	0.04747225039764278	0.08119429661103059	0.013202671360145087	0.06139403230826608	0.04978608154655656
0.01188139917721115	0.006696269674022509	0.024881278418966656	0.07648409786006867	0.0489829875302857	0.004966128719011739	0.062275689456540995	0.10078907844024332	0.0564510496917173	0.17090984082643118	0.06352804170311613	0.009413717899416155	0.026803062783661655	0.01182516217396326	0.03437900528271508	0.07338106840349169	0.012824562218478067	0.16118477050980784	0.006383632449871862	0.03595915678097883
0.05630305122492945	0.026085682651844015	0.06428483637952959	0.05204302749907245	0.00987227470275652	0.008431276379549844	0.01301470270793529	0.011628152137606006	0.01647437284248529	0.033255489803441944	0.10937965495433334	0.031788231739979994	0.00834489106986637	0.16260591615315795	0.14171204146222244	0.062180885842567674	0.01410566209394458	0.04994879160607954	0.04955490550770238	0.07898615324099516
0.029495889770932874	0.047634839262736914	0.020706100798196642	0.18111576062005463	0.03714964532106315	0.07311598158644969	0.07639534192333416	0.0021151096940159597	0.04770833235225587	0.004743398306451138	0.02376398380807688	0.12239611265521495	0.03452763665961562	0.02078436493866559	0.012693307300874729	5.417127471946809E-4	0.0812138143358415	0.013019173087493438	0.018144259277950353	0.15273523555358104
0.1049599778093813	0.0063991922141656	0.031742551463663796	0.013319662395405343	0.03897366518271375	0.0492168878563534	0.05753918116630262	0.06376920533064344	0.0044516107112199665	0.121680409534554	0.11698748248591062	0.013549626986643443	0.008651176617836584	0.03713267110246428	0.020003340261151328	0.012256442886732874	0.0999192302117651	0.049159452876393714	0.0027217149270108293	0.14756651797968778
0.04094373746318987	0.02697924175342094	0.07093454633639322	0.0021613122337064278	0.07879195515522897	0.006185970922937822	0.01062945749348309	0.11413298443418061	0.061553869420589144	0.09726906458296453	0.11504128552735111	0.021747192083520456	0.009780765349734696	0.029935721916981326	0.07291049968163457	0.08694285850320002	7.712569015966286E-4	0.007536191806267488	0.007262469104881861	0.138489619328737
0.02813610916374222	0.20775968680068035	0.026162038891036677	0.1323492744830986	0.015176341488378708	0.03936149241885139	0.019374470744235994	0.0059695807286200275	0.09987732249988981	0.04076355955992581	0.009342199473665713	0.0034331248866269065	0.03143028315411106	0.10657647105876983	0.0033469734014334174	0.0048056556958788604	0.07189244786069776	0.12128896154215121	0.030060404476734467	0.0028936016714709994
0.07052112096311577	0.0012195776675903436	0.05229385594807233	0.009638706637094971	0.02747975579276891	0.13835898957659404	0.025187918183705315	0.03760885044882546	0.05885008715749818	0.0299234984460971	0.02188344355798606	0.05693744969782506	0.032418909395725115	0.020821098046166612	0.004930099822545844	0.11583294967430431	0.13904153747289233	0.0023106461414141993	0.046865882996260065	0.1078756223735178
0.1306006971335002	0.07541900623618537	0.012864113848095264	4.395128419829933E-4	0.05446167182174459	9.934473017475173E-4	0.0838583583271375	0.053982000680173885	0.04312887231302791	0.0679272956843466	0.05051579945778764	0.012341074250009562	0.036097645987718266	0.0846663812063344	0.0241916920720171	0.10620714386635607	0.034700930230506424	7.033172344588223E-4	0.05154774400858779	0.07535329549828179
0.010346297931046279	0.01249315592739058	0.02106495136952024	0.04866304864303298	0.10032978722520372	0.05223761116274103	0.002069170115468172	0.09432170109884783	0.04192399937498714	0.08718976824918481	0.04277026039473705	0.010809645338396873	0.11450363395828218	0.13390754791765574	0.038420932051948534	0.013157115364032197	0.09466892797275783	0.016913203347207507	0.003813191683463807	0.06039605087409529
0.04024429610013271	0.00393157839031652	0.014731880505637687	0.029575585252977026	0.015933477459027172	0.072928508330734	0.0830748583240373	0.2706589005833756	0.012103589527173587	3.0805650235579685E-4	0.002307686052774094	0.12686807916669252	0.12801620744653225	0.05991657133304963	0.015187352508221418	0.024725971242283498	0.020404829360390123	0.048805530119693116	0.023139710752046242	0.007137331042549523
0.04528225055576796	0.020957560081032826	0.04078006641210288	0.06713720322652217	0.047192626329314036	0.07915562800573928	0.19291794897909487	0.04140200361350527	0.01554180569944947	0.060280414752585734	0.061438755548848444	0.04735547753240381	0.13721945274834585	0.022835554069433647	0.01843828982750785	0.04001710644800547	0.01616359277626349	0.014853929008378002	0.011998658108805453	0.019031676276893297
0.001487852969598337	0.09667776261726169	0.09411718637214757	0.032039385158945416	0.022835560509808304	0.0024210515700055155	0.05529280227332663	0.01269370747028506	0.03942841314983443	0.13987517241058933	0.08352719565910918	0.019485252751737257	0.016771008027433615	0.026984229506110603	0.06428491885480729	0.10681839508342125	0.06999465884398609	0.025369226636239	0.04969806805376993	0.04019815208158327
0.06208354831551069	5.527966670319517E-4	0.0023739033207203775	0.06363442545810633	0.04673769925176378	0.04143709978795031	0.014622422506606322	0.06261357829290959	0.1050033720552627	0.04966711477130032	0.03267727868102402	0.01417823425223104	0.050519980063068494	0.14553848738871963	4.2512590281998386E-4	0.001312319179709795	0.16151110520665576	0.006610751015999727	0.0646257791492508	0.07387497873335816
0.016887036809398237	0.05045656749266867	0.011264466764961241	0.18804810766324415	0.004688356661106188	0.043336792602702415	0.029494501262466277	0.023086684284032127	0.06026191498888039	0.1078538688827857	0.03796488701824428	0.0021944237455096827	0.11280996319480993	0.015178203385255898	1.7685534463216662E-4	0.030475360485281332	0.02252173404275865	0.03798666416433599	0.09931235913272975	0.10600125207419668
0.015475711776468115	0.062313160917292575	0.06959456915074572	0.04328630187724084	0.07762142390278634	0.09406671203586175	0.03714499663080164	0.06885517619521461	0.005815611609533318	0.011623973863365396	0.06864153963658871	0.07652730883993264	0.11004607580232381	0.013981936386339176	0.0090018565683875	0.03910554278519443	0.012866339036830744	0.021591044256510455	0.019581722224424065	0.14285899650415795
0.03659875227697193	0.012859118814156273	0.013110112459252699	0.14650899042155363	0.041786382599552405	0.24421376653023624	0.00641348506413561	0.014500478334080795	0.022922714743790814	0.0406114342813144	7.661737258559259E-4	0.050739379107515095	0.029105759622917157	0.10994777327061248	0.0838482654906795	0.056332372645029535	0.0070063455905517505	0.04483599281804309	0.020315805036239434	0.017576897167511006
0.16873351288391708	0.043738831123937456	0.047228421769247776	0.07696497489004234	0.016293456820763677	0.00776032790420992	0.012925305742720078	0.007438161705062861	0.017396833813249593	0.04790887353073796	0.054150307510807405	0.14588638878428506	0.024543656628094535	0.11145526979397347	0.10392412956277547	0.03316243865626624	0.024657671374706102	0.03391670539696362	0.020165857986925755	0.0017488741213133735
0.032143396258997425	0.023455273173792947	0.025594711801177384	0.07499744588228915	0.048501661862049024	0.008216192400067324	0.011466291109104479	0.07787270034857682	0.01756891254553307	0.06119743059443732	0.02862075842256959	0.10783702604087658	0.2749853677389193	0.02911675189213529	0.05298823473476333	0.0010740234910283086	0.041355433904939135	0.05249589524280832	0.02733154607747219	0.003180946478462836
0.0015185455603811196	0.03924597673076944	0.0022151230059394428	0.04824639623445866	0.04068465722687099	0.0015556343670567463	0.10388939235104883	4.178172504369221E-4	0.002420385935499536	0.0072482715439452575	0.006336231427692678	0.023005247624057226	0.05976587519505219	0.06591975595302667	0.022674876293315164	0.20247253124743936	0.040382107155229385	0.058042819084550314	0.2087632460016865	0.06519510981154342
0.021421906037749114	0.06086858706774269	0.007280820800306655	0.08686145278476237	0.07565612197100155	0.07196848461020361	0.017470226949631622	0.04368581047788298	0.03624618167684026	0.041580289895003834	0.0037207689669790725	0.0291720835045658	0.09213176656680222	0.003076415562471742	0.10157704406788162	0.09686955609957695	0.1450924760140676	0.009320918229683839	0.04391765503932335	0.012081433677522901
0.010111039649771968	0.03427305669632015	0.032152467424995904	0.020172424344153568	0.07853364509895785	0.0230218354712694	0.05629163995980889	0.0033250008905436335	0.09075944960542447	0.004493517653616039	0.031071344632640933	0.1399202914275176	0.037131583978668406	0.017736867667532505	0.03304005752833317	0.03753072220525309	0.2683730424821903	0.0016876010334955852	0.049336514109891295	0.031037898139615102
0.08844839929656605	0.008945622996783836	0.01695112800559008	0.022069369100231932	0.013772418447119093	0.07539555928894132	0.07347154433095772	0.026238623973379123	0.06073703071149754	0.03501961957164179	0.006468738442258662	0.10431660028669414	0.17045011316256242	0.008126895548686466	0.16788437886671778	0.033906926014834735	0.008426918777749079	0.005741037102696855	0.05590352063142334	0.017725555443667794
0.007645312535151112	0.07360083763445556	0.08240628430286902	0.01878471942538763	0.11707450910916424	0.023136585831063133	0.10769111797578317	0.03009400340966688	0.05266510277647653	0.06166443391490881	0.00870425670577956	2.0168551213878283E-4	0.02308071020798316	0.04015889331298276	0.01686683141935144	0.1540096168763046	0.013964103709212403	0.06326393013291688	0.060319778435874036	0.04466728677253003
0.027096801310248306	0.011621013073654943	0.05873779323789899	0.21221566314373494	0.07725189079311573	0.132540332796022	0.04604465373046833	0.004842389532749583	0.0772084732788257	0.006020658298335008	0.07534006199971405	0.022025089644361617	0.02552689797090829	0.006570175921970629	0.04572085297224141	0.0591105215998475	0.04106007881042158	0.044385938380058707	0.0035830607691954633	0.02309765273622695
0.011922594909480722	0.0421917170034877	0.04606539806803682	0.027465891127369836	0.05737940079139345	0.07920388422752253	1.4922163306241298E-4	0.011504930259415506	0.09433173907747129	0.028397868415714393	0.09369212321705522	0.1507248972215391	0.01362082401735911	0.1849654379968136	0.004144022166035939	0.04130342685460112	0.015933367352606226	0.00760076878538133	0.048545497812212304	0.04085698906344122
0.008712471454732279	0.007533490566774652	0.013364196661663753	0.09886781631864758	0.019108839371764486	0.002554303034866222	0.022795072968165225	0.0030997724824994993	0.014753044855307977	0.009622843539778811	0.06666496930508763	0.10728765590667835	0.22005177297610484	0.05162250122263344	0.03766869428819364	0.13985186590727428	0.01186503945378476	0.035101090471195695	0.04174078081744011	0.08773377839740654
0.031233904060661295	0.0058645074408229456	0.06455764718069512	0.015482554922395454	0.11777694963881322	0.04079052565473716	0.08735606435734428	0.022106188055962178	0.010568224696979163	0.03096233323215643	0.004620398030916566	0.023039068480447247	0.04267250577553074	0.1570143326351908	0.11377519076717345	0.11068042083055787	0.11395306003129044	3.4616483752340776E-4	0.003124086597190337	0.0040758727736116
0.0012340550283925153	0.12493288350903285	0.03233329269889185	0.03889238326678345	0.001212780166188955	0.01560925307501703	0.002659386858255716	0.04319197671342175	0.017205674439730617	0.026352609077248068	0.020661504533301223	0.08093158345520275	0.04345488919958206	0.09593753974029487	0.088597245344629	0.035074576001490464	0.04974827789462229	0.051395682895866525	0.17411096741413193	0.05646343868791588
0.006292783878069648	0.0871524191467082	0.010725398591937316	4.7525938332439177E-4	0.008422297198377962	0.07979216350362303	0.06437921241140251	0.08391998130942377	0.1264700880414399	0.031464421602860296	0.043169942568656014	0.05909648139851139	0.12215600447762762	0.11604557728985987	0.0446221455821438	0.0037554016291491688	0.0288992276154448	0.05471369963898711	0.026112629604765847	0.0023348651276871996
0.06954429932196977	0.10775968022536672	0.036829087014919576	0.03472814134341565	0.060559735509311055	8.489652789318222E-4	0.07851777242236596	0.00776975645129057	0.005269627332243669	0.02976814202632747	0.10320915408516851	0.033274173455768094	0.016112353400956625	0.01828813629623209	0.23344298939315555	0.0041620233403588044	0.04156722595755821	0.03612611734443036	0.02322917424841869	0.0589934455518106
0.17932396121493044	0.09669258900692783	0.01120160980823013	0.03298567391594463	0.02396078715964781	0.04619050321099422	0.008298298647033464	0.11355988647263748	0.019228006734614524	0.03159222618715983	0.14723262002082513	0.05510889961101489	0.13153002255548957	0.040868675933214214	0.0014198172786461238	0.006908518342040926	0.025555945335422273	0.0021627518441744153	0.01102096948795514	0.015158237233096644
0.04919149294457922	0.0513559260071846	0.051581428067660764	0.047679435712686596	0.017097191739455467	0.08447795617313969	9.936748630067008E-4	0.08890830691417757	0.002363602367477839	0.06499378474280726	0.016576010214902237	0.018156560291084395	0.05908705850449694	0.019091568095550213	0.11163418994454534	0.12062372528539596	0.05078805127877538	0.03214767780941713	0.009516591380986934	0.10373576766266954
0.034350267198690575	0.007684983074464691	0.022319104528229806	0.060592767210163996	0.001724891147273283	0.02384879095151078	0.011591849985837732	0.043536658486982696	0.007283130486852696	0.06324116476066288	0.1136697398794121	0.0685376128061572	0.045681537643532354	0.09645704778680361	0.10653569560946095	0.07032637893601033	0.030576069672968453	0.0756910196400717	0.09245937682489447	0.023891913370019398
0.0216772121467613	0.0036487445938240895	0.11368866687450703	0.0717104970393164	0.00867665193915148	0.04518822189969011	0.15141455527578723	0.038991874961478455	0.08927718627247458	4.6171804754153306E-4	0.034922475073460066	1.7558571413078816E-4	0.043773948712825486	0.16139333918313206	0.07095222811369445	0.041368221285428275	0.026048263056885474	0.029559308256703856	0.04624890512417423	8.223964290328678E-4
0.03948328429076673	0.01489537176215297	0.0038871725992212086	0.10602262250786083	0.048444080170933886	0.0249682964236819	0.016087012029938216	0.07408857986481959	0.009169293379689608	0.20408852320438026	0.0831706735926796	0.07600804942618043	0.03547097633940557	0.06315427470252623	0.019424563572696014	0.033534917406843265	0.024273518998492942	0.015748689078921838	0.03724734964644437	0.0708327510023644
0.006214125630191011	0.0053827423776294445	0.09823835949677805	0.06524272976878048	0.016820758376789792	0.031543945585559056	0.06409819679522147	0.09849407029624391	0.028032207863241742	0.1235636455632422	0.05091814299764239	0.005745458311635199	0.1093438150148082	0.0284398283298802	0.06812782003450099	0.003612554079880592	0.010979103035806625	0.13342151073834696	0.030338608929131042	0.021442376774690484
0.00937956348976729	0.026773951654442595	0.025532465867857956	0.053158986040335865	0.018882976123776582	0.04810351886241647	0.052015752970339495	0.02240522228478136	0.08509216017103433	0.054435383168463546	0.1927627907049671	0.020635661137456927	0.02002994947482313	0.1380294194884208	0.07468794832207881	0.042186941662150146	0.005033269577604041	0.003337639691125993	0.10249035898643571	0.005026040321721721
0.04001004937126686	0.0625508710929088	0.19972344044769544	0.015403286585099013	0.005995052756870581	0.04249761802425685	0.08386708489971834	0.06621324099718512	0.015992364096708622	0.03871964860292648	0.007183904853224392	0.008583018705013754	0.0020658070619239133	0.04597321922467705	0.14516315301488666	0.07100331580002175	0.0038545053919311137	0.050220377753513304	0.09434273187312775	6.373094470440918E-4
0.029270219966105418	0.01898421614623549	9.811863612868912E-4	0.010146979009907214	0.07064106718071302	0.20127315049031153	0.04390352990625624	0.032576061133759215	0.052040112294585224	0.049573129627544205	0.08006784816618806	0.023185465544432397	0.03249244267015255	0.021296818693849088	0.052228565268376596	0.036550290559297746	0.022808335804601815	0.06438848002629552	0.09170208706718008	0.0658900140829215
0.026455304563555958	0.04651739145702241	0.05951914895313869	0.011315148089553771	0.005147694618902902	0.12427217348469068	0.03999646684439613	0.10024471237598988	0.012661023886371206	0.038192086035887196	0.011074196977187117	0.053211946144848345	0.11493022700005287	0.08466075482368288	0.005613729282360716	0.012428030885573822	0.025849269696775385	0.011673490503895781	0.18083150781865434	0.03540569655745977
0.001731848923629431	0.053531792465851075	0.05097432416316588	0.0019682317398959995	0.07104331615787199	0.01188839000335147	0.020736042476784664	0.02708743233066297	0.008780254778312395	0.047595058076175284	0.04253802504850857	0.029972780240605387	0.11335278142829397	0.17210153060674965	0.1067437691842856	0.11657953250505564	0.022240617566502523	0.05357015950694298	0.016429419134017763	0.031134693663336564
0.015699330989318895	0.015817645614759485	0.0013977581916961301	0.029714386728837736	0.025222612162653056	0.007883529540343985	0.11703127714849891	0.0713210601982304	0.0011529326690593658	0.04008480538167633	0.03691595271187433	0.019323242311180842	0.053699290640391924	0.2205560275416705	0.17950610287846042	5.763647794884488E-4	0.055615942032925324	0.07978067531883472	0.010785530046770575	0.017915533113328344
0.018384515947957744	0.10553111632126749	0.06308945033138928	0.0019096115073799769	0.004995042101827593	0.12361804720459828	0.03635641451581873	0.05514640745339004	0.0540567826896756	0.08151293198631929	0.01373093673366288	0.0012949404132524683	0.16354666207274016	0.024228425309879013	0.05018594218397315	0.0070821607165979655	0.004945654692297213	0.027359692351564612	0.15417056705225657	0.008854698414151874
0.018052625127305426	0.027000695566928905	0.04329427413094061	0.06622355299587736	0.03336378126662401	0.012669288844578519	0.06229481726437182	0.06539748653498031	0.0207070063900066	0.043456935849112824	0.09310873918711007	0.03038261320292059	0.06793619348888408	0.010020246296416097	0.06870362795076743	0.18449433118962033	0.0679350194457427	0.02777410965516909	0.025798295910181648	0.03138635970246138
0.08376657830545038	0.06686728036486358	0.021618076251212058	0.0032616925898350246	0.0543037394042972	0.0060636625445040435	0.17777206832483214	0.0252389744409881	0.06711647691856953	0.01508807037301884	0.04643545431217306	0.03215773332498491	0.12682125499215186	0.005684724444047391	0.026846932786400834	0.1518220908624211	0.036840678778072206	0.013946497519821618	0.016453706566636958	0.021894306895718852
0.023020609604040645	0.03715761513421553	0.12898998804058348	0.03319620047449196	0.02274524464450143	0.010980469043564978	0.10224416914457399	0.07040206380074557	0.08329045703599411	0.10630605305050941	0.021522539674639376	0.055447900169469155	0.08225910988346771	0.043100136868366515	0.014014490839192158	0.021751769434459948	0.02279074847796127	0.01743437127134244	0.07509624826109282	0.02824981514678734
0.016523678811536734	0.00749459903012617	0.07545424764637232	0.05434067573714901	0.03688121774261304	0.033492148472748354	0.04670540672729293	0.04638113371651875	0.049113886086673164	0.11321686310521736	0.005846783559376657	0.15597286979040928	0.049903245202657535	0.12241880629561581	0.06377880835013539	0.05204656759668265	0.015548518181930343	0.023039093232826217	0.02202332081121347	0.009818129902904586
0.011252632534529815	0.0020518537885663712	0.11352401521399832	0.10895939818202832	0.1295897620475281	0.008120102694635152	0.02459259221649705	0.15766812195926616	0.021349548955997073	0.007722784731403753	0.09087621787446518	0.11074796546175152	0.0023042871826788255	0.06012776105131007	0.041176667780654916	0.03804408199432642	0.019626606215618823	0.007994921943986051	0.027931005902478174	0.01633967226827982
0.022568019633216054	0.01659610328084074	0.027054564715604384	0.05258390065029522	0.02557630447187235	0.09471717962339612	0.1322933181233662	0.0042242495747319975	0.01099420360618067	0.03210159011753372	0.0017381282053646266	0.004341137562319075	0.1766557252537895	0.03698487502068392	0.023234688836418944	0.01913448200135422	0.09455998009390389	0.1623170292798571	0.019155754659937626	0.043168765289333375
0.02769184405338219	0.18391421289975093	0.002835512314726167	0.04786956314491624	0.0028345408820529758	0.01670931081711579	0.023222258159188675	0.024989128120576094	0.002300627548629912	0.10424845777887162	0.05228113313904878	0.032582596623141745	0.16368975790227572	0.08452237494723985	3.411140275409105E-4	0.01260196156371219	0.16658702749077164	0.00676045662418303	0.04017346626261418	0.003844655700261157
0.02691654521005272	0.036324510584410975	0.0018754359973531531	0.03509704189676404	0.06102479212492706	0.02962665508479526	0.049164734442102107	0.002343883349040801	0.0259399290601602	0.217397621954751	0.03662625405414354	0.11847263816734263	0.031468421568576876	0.05514860852258386	0.005912699027071901	0.06482523844226233	0.07573833672014291	0.06603554291663274	0.05751169594214741	0.002549414934738252
0.0688110425301873	0.09858302249750746	0.09243575590227082	0.018976825065846727	0.06701185561423827	0.0068800908124053844	0.10357008352607633	0.09456073623079878	0.025822457826792312	0.03398028860787034	0.06001317440894509	0.0627418002437188	0.047659345107979895	0.03097994799813482	0.02240707947124845	0.006341334175768348	0.04115150318563944	0.053033838583236854	0.04512409138412342	0.019915726827210944
0.17871886105138846	0.011897302347930093	0.014619026072800557	0.038322765138342735	0.04013762964974861	0.008334220343522193	0.007668604439251832	0.007914033880608094	2.3266751682227832E-4	4.150475293868486E-4	0.02415111519709849	0.06808079546571458	0.0961588866902062	0.16704432643983577	0.019160536643044575	0.1928078571204288	0.06612352407367758	0.004800757808514598	0.04455040805928055	0.0088616345323968
0.04828997194920572	0.04532030184467169	0.0062342491649503215	0.028083480492719554	0.21976531467184235	0.00872544491071979	0.03805615251791723	0.0030224525075250377	0.005232555550654022	0.0035452049411068623	0.09555240706767845	0.1805627008087201	0.018023125365976278	0.0169029300888828	0.0032557405555216495	0.04040595862687214	0.13168429198439238	6.691007929674891E-4	0.07825317761271786	0.02841543854495794
0.07236641265796549	0.08067602169195526	0.021671779879515733	0.051476854463792764	0.029413682169404126	0.008623819679314804	0.015062186015801407	0.05688846649069938	0.09513899049377995	0.03241898645948146	0.025735450689222145	0.04012629094994057	0.03807092135258565	0.19893773128775893	0.01857385216835368	0.01176699354217494	0.015701604051653606	0.04295047941924994	0.10608230000660859	0.03831717653074136
