0.09144491091865428	0.03433922654495722	0.020125544610077862	0.06378746780485861	0.00461400991775051	0.05091473847611269	0.029745575030060527	0.005995408167280773	0.06359574594838026	0.029765508659115876	0.06197555131578972	0.016542052690670325	0.09654143162354717	0.011286573207063905	2.5391663624717287E-5	0.01483934450588929	0.016907465240819264	0.018721247760055577	0.03550463647500531	0.009368815659296998	0.024885459384542445	0.22791615157519451	0.03713428757427398	0.02944251814213815	0.004580937104839929
0.01804868452177212	0.19408301267035175	0.04546468797620163	0.038664202910550234	0.009086989024325365	0.11123772904053239	0.12538289010484113	0.07643514648210817	0.020876897885884788	0.0014063675492631336	0.055398462713288084	0.008990632384215366	0.014563370032724093	0.025648184208583738	0.037109957195386956	0.015590039490321839	0.004248691598173947	0.11669366922115379	8.599665799091175E-4	0.007232702753417954	0.01915543611647947	0.011351207248633248	0.003102350101841886	0.03734913914864196	0.0020195830413978003
0.01168287604556523	0.018614621631875626	0.054490898825476045	0.04088908789017458	0.10121692345276288	0.1364535320265843	0.048518557348971564	0.011206228120628478	0.008529133281418896	0.05431719763940056	0.02960407590473636	0.01294335523048893	0.020482112954087042	0.05610063700325122	0.019471196550678332	0.0028320475880301427	0.009590850270839231	0.02693811779575129	0.06694213500336293	0.10416847298677193	0.07055879894734718	0.04253598821527651	0.003515309303890879	0.018676207994120383	0.029721637988509568
8.498037975419523E-4	0.03934987837010509	0.036475559835977354	0.009722791414590017	0.0060923270321930345	0.02201049739134164	0.05212282591354135	0.005148437918215246	0.007977986784194369	0.031232379571204234	0.056415999698198084	0.049262392417256835	0.08094238027601722	0.18212103462493795	0.0077117718737750585	0.09524746192101155	0.01485157351154021	0.030460782048532323	0.004694677413395798	0.08364905398848843	0.07456882960271646	0.005072104891568882	0.056146407007707455	0.0432137979134606	0.004659244782488865
0.02595209577511514	0.02273197015273461	0.015134156137442806	0.03474602329860394	0.09398040977982103	0.014235074638093325	0.09052824488459282	0.0018938559902387311	0.027787627800286638	0.005475634214030127	0.027195718319572924	0.0038653785418248446	0.012260787203543403	0.32504227360745064	0.034479597019143486	0.0037146945574908982	0.025320479078963506	0.0026910647466492563	0.001746491128632073	0.014413864360138907	0.07149734270541441	0.0028872869801140275	0.1194206769625227	0.022736118306661772	2.6313381091797733E-4
0.01726625997279523	0.054871258693851024	0.03990070113211178	0.015224189039536356	0.016534612783465772	0.06530554917319398	0.010982662116391862	0.10948696292661375	0.033882105698161566	0.023357450980779088	0.01899136817678664	0.0174892328887294	0.019459439136487938	0.029561618473020038	0.08024327216542637	0.05713007423584425	0.09289316380523589	0.10556206747858984	0.014557095869966976	0.01276762230727765	0.03488541489038795	0.039801230821737664	0.034907775151875986	0.01896502356076958	0.03597384852096344
0.038447647476119444	0.02036699271507969	0.11348905122388941	0.021222960655975426	0.09707031914988233	0.008258461283571397	0.007716139339978188	0.03176759307092407	0.013648698017669166	0.057321968865718394	0.03493755543360325	0.005489690205335705	0.1857234812741899	0.008855612106031346	0.03139936654936628	2.306981265959296E-5	0.0063776334857536116	0.1182124221387214	0.07360127072045289	0.011952476932703744	0.06732576066337186	0.007911305758795235	0.0077723919020008456	0.015204659720251267	0.01590347149795558
0.012457872609596961	0.0460200248910577	0.0276953182584257	0.03138345031296328	0.11641188857713308	0.21246831209378236	0.017216676231010454	0.05787315236282674	0.03591220703812673	0.015304660559066218	0.003328208914097075	0.018453584597524563	0.05819836305610317	0.026099288510780687	0.010818409283293796	0.08245928039264623	0.05683983033708096	0.0010353061074658762	0.05637499272786646	0.03322668478133744	0.025793569113117528	0.029433317947084724	0.0022543893823561006	0.01470905390184031	0.008232158013415876
0.06510463802299213	0.04033707753363899	0.029302280949907448	0.07867156223420047	0.06315864020822898	0.09761385379527626	0.02158189727953217	0.015097643236389024	0.0248231059467963	0.02975654700079136	0.04042955510852316	0.004178315484943004	0.043240760392891195	0.04866447912321209	0.0652844604695903	0.08941046815818722	0.02019872293023886	0.0044643112202552016	0.018499690973571816	0.012010281057336692	5.980911811433245E-4	0.0035412406141283673	0.1242908831265325	0.013362231848900931	0.04637926210279213
0.01863892713361068	0.022645530945178193	0.13536965344316268	0.07109981376100738	0.016992686823016027	0.008221593523372941	0.09011121149811625	0.02836336841281118	0.0028457012839238766	0.08249147441536264	0.11508750429759629	0.03335097916568909	0.0042226827217263715	0.04702071663266267	0.026711219955315772	0.0033757097469644323	0.028996845428591926	0.050482485808667404	0.07927269789703031	0.02447610206474203	0.022419430606010485	0.04352581306492985	0.013425210828361733	0.02410333419862971	0.006749306343520216
0.11606699097624615	0.02914086307183649	0.09497264482787615	0.006453184603665736	0.005340329033723314	0.07117864956358028	0.01192687291725317	0.02348245124782762	0.022152893140608577	0.0023249497744282435	0.04069470526991763	0.043542935287219975	0.06543065754179368	0.06933293219943232	0.0018502239642800497	0.020341976242841266	0.0633333225708214	0.011553609135552395	0.0030612475078905174	0.09984459581740662	0.03641771328491228	0.0247700400776618	0.04369843351391081	0.028170059529918256	0.06491771889939515
0.004176084338669367	0.011450490714756966	0.02255080873898915	0.05305491607154463	0.017120369800533036	0.08820524061043492	0.178120857276652	0.013924306747127847	0.009905252868494138	0.03826105855998363	0.036551533247347064	0.014021952333124307	0.020330034887762003	0.02843685324124181	0.03073263995900901	0.06928380111516934	0.03264551189250645	0.005980991337883282	0.021341098794437723	0.1269814910472664	0.024296388869038173	0.016106003810058778	0.03021894472785167	0.009626529911791734	0.09667683909832661
0.05880516099708856	0.01917467012463424	0.020276288385201315	0.16536622335075027	0.0015550485001246603	0.004163242442286261	0.008580189215525294	0.005069247476777061	0.012657760449863973	0.007956040232386885	0.04662325946924949	0.08718115619142983	0.031254096694004425	0.016732044480533132	0.051733846965836175	0.06202707001377954	0.03603679774335384	0.004799880250700023	0.0304007772806169	0.06655668391984448	0.02043624917882034	0.13697059920638816	0.049008328647570015	0.026483831806103975	0.03015150697713113
0.11537762729905573	0.03388795796875606	0.07498982544526792	0.08498585163853922	0.08558002269217943	0.016354387197314173	0.026940643000859785	0.028448459878659578	0.004586157391428855	0.13165471542565152	8.574150844129214E-4	0.01583056646142705	0.0853170588439641	0.028390609775684278	0.010147293311790546	0.01601324195195723	0.020219058087400394	0.0029045289496653776	0.04784373876952057	0.05571800782752264	0.025428691175575075	0.028758157059227844	0.018720741276638198	0.005360781046120887	0.03568446244138057
0.08085784600989473	0.0699943598129257	0.11484404825651867	0.09407257833442749	0.0012082915614240533	0.01807900262396744	0.1415534538955885	0.07986319162824687	0.026259278450994013	0.008419776884928294	0.02683728211226703	0.017558658338667	0.06393441020612162	0.02496462195535272	0.015428303880011568	0.033440592616937936	0.013486519793577473	0.002262919948168726	0.00987035952628619	0.01004352141625757	0.08146313660809948	0.02121732009910697	3.470246450665501E-4	0.0026027298113784417	0.04139077158378491
0.10412912348079496	0.042725461342421896	0.009531559029417467	6.709824089381478E-4	0.005931674104303994	0.07208398342808817	0.027824651957908647	0.04798785935261225	0.009905472760863902	0.08520278245526886	0.028280349181643356	0.20773860786533446	0.018568083432667158	0.018521595296242394	0.013523715532743424	0.0010744311133425999	0.05806208278690968	0.029987391367855477	0.01065482083390137	0.010917719546710464	0.04712042800604355	0.039951566638380315	0.09408929478003138	0.012533846413700013	0.0029825168838760532
0.0018349757890299759	0.04098433658699692	0.008625319276217291	0.03304742433153823	0.0068084683389282585	0.009151420492821388	0.004956679139701582	0.018804427903174617	0.0012941493409054858	0.05080151369612167	0.0019488748029283728	0.03911909323318101	0.08135003635578476	0.20577601482840444	0.07964867782641194	0.09020027299011751	0.060429465867664706	0.008019360235440628	0.08867984694760137	0.010336410130238893	0.017731885955472947	0.04176081463161907	0.028782545939301848	0.03317445306378085	0.03673353229661631
8.014353337158289E-4	0.03865720327805571	0.03902022168690825	0.03509243153261227	0.04516048788638442	0.009939960442127527	0.05464989712315843	0.027305267874853427	0.003074483649602597	0.010707453580195331	0.1030626732911426	0.005306872675546921	0.042171279450444014	0.016960896229925887	0.02574762365200146	0.010530063961505711	0.029395271790407386	0.013674143302612452	0.011287676621498818	0.24851178184327335	0.02323576601672428	0.004178612317859119	0.034667705900539664	0.056185561442040774	0.11067522911686384
0.031783726626280734	0.013453571957625629	0.034020722582974006	0.03087942370462122	0.042645538458462334	0.007562856851180612	0.037692054523834666	0.07457010269282573	0.09498366278308847	0.04127998897209983	0.032853677239751876	0.049764601798413216	0.005230373892773421	0.05428810387532405	0.0316406466987067	0.013767681887370528	0.018413467673945708	0.008678162869824944	0.11720487652524117	0.042286176821389444	0.006190917921239256	0.04643943789991803	0.023438256868471206	0.037844343489415934	0.10308762538522132
0.003650532897565076	0.07096076120386983	0.12465669303042676	0.023645902280227102	0.003262382125921663	0.01718215955291731	0.010136325772724893	0.01131251026988652	0.013128966498092386	0.04411997335438753	0.025808472566896466	0.08906859384528637	0.05994215236111679	0.006174657046818639	0.03087011004850393	0.003777020220630721	0.007359947645382149	0.011494013168322867	0.042738023578651425	0.14345421579628992	0.04017218975206175	0.021984116299315983	0.04149207820243487	0.08490268855073865	0.06870551393153046
0.03457046410510503	0.06085136285534216	0.01440429353860858	0.047344785239120724	0.010763352191264362	0.010179216841290618	0.11124316693190689	0.01981023063264818	0.010741090165848923	0.09016816440031897	0.020013982690746134	0.003176072990494251	0.01937137587871862	0.01176335348291922	0.03644377734605724	0.045375619880939466	0.013595421656262936	0.04068426430538577	0.017568724293747187	0.09053459102622594	0.03943885105149014	0.044944050145080225	0.06682701009333167	0.00770424591608844	0.1324825323410584
0.04012457305130736	0.06069527809216196	0.057066240277604985	0.08579345361845808	0.07748309367335614	0.04857562628567592	0.0762442349993202	5.481569219099175E-4	0.08967222428977734	0.015103960166936995	5.612699265330132E-4	0.06785805549062046	0.005818072610938717	0.033834091202733056	0.021344160397005544	0.03539262373723908	0.009085232473084553	0.012428488470458531	0.04508542136272986	7.286660211366508E-4	0.029122812772639152	0.0796975784586236	0.00405541979206675	0.046144095049606974	0.057537170858075234
0.007187714427208662	0.09455868744620077	0.009739055700035772	0.0023323310882488804	0.06456320256548669	0.0877296060259831	0.014289168128411387	0.06414171661630218	0.014973784408933249	0.03215753769834566	0.09155498976819659	0.01867905673583915	7.834401704047839E-4	0.05977524397070226	0.07170720315449292	0.07538983031470958	0.045379253403653785	0.028396816370060196	0.008452373774753212	0.008178225897911374	0.02253699439838528	0.07867979827861446	0.005887736925396361	0.06882902427082178	0.02409720846090193
0.18511326523499233	0.07514866778816384	0.0026507891649154083	0.008143796386634115	0.024153891524068175	0.0408887967745993	0.04680491701095173	0.002968162687954183	0.008626442670324704	0.0010090072593565008	0.17213307500065664	0.0360395720964488	0.0587511104625405	0.0013329900285331958	0.07197390910167005	0.08753652524187994	0.048803628882109235	0.014876738413188154	0.06038384946003837	0.007436129372220171	0.022520527946883206	0.003749735364432287	0.003096871291506445	0.012625507054393945	0.003232093781538617
7.390109616260618E-4	0.0015645859370450599	0.024026808832834822	0.11747881807366303	0.013689211766859704	0.06809970895246122	0.05135221926103274	0.04862782965443229	0.02988177094891469	0.005282203936572014	0.026541334259178394	0.03578148694445864	2.1123286136619235E-4	0.05223171503169293	0.03303829929904621	0.029440703810196686	0.15232828461346198	0.004737926214679736	0.003363713483254413	0.05461687633277348	0.06813742978642916	0.027843227849333164	0.025096308863436292	0.06483652907646806	0.06105276324878306
0.005389395079672961	0.1720459698225196	0.008685661366119507	0.12313005413416905	0.02928932918204162	0.026272729038653478	0.018382778912205303	0.006326626783963334	0.007156267760789793	0.0028726496938673365	0.006629909794360907	0.02136162870179729	0.05608345966651533	0.018639011131954607	0.007731789292679238	0.05748996826785495	0.08470340299431604	0.018952954374577936	0.12645338314597854	0.04643861294053501	3.3547598055683886E-4	0.11363263412698882	0.04030446298289578	0.0013225498968022498	3.6929492818454923E-4
0.020528470008893934	0.11236775458995413	0.020696983939622823	0.02020576925758562	0.025712414185313358	0.0462110380125665	0.042708248358483976	0.018669053840525338	0.07346305878016121	0.07233630709807178	0.014358556633924768	0.08124838641358142	0.0563626375924108	0.019670024870886142	0.026968733253999545	0.023548530813084216	0.057482330264508094	0.05163574777414793	0.030582867538703856	0.016117326668958123	0.007674852460145751	0.07963791016748015	0.01173154709869411	0.019812386317839988	0.050269064060456475
0.01968028293336143	0.03541160585669177	0.04426233059527258	0.013103866818982002	0.021864039229107637	0.03949231031256882	0.005116090475576561	0.11897720470638559	0.004556731573724049	0.06977998319312947	0.13648633109662522	0.003939090592464549	4.102123170382638E-4	0.014574395304468992	0.0628189938836232	0.007647503322225482	0.1616999823804351	0.0022021934287971556	0.027201782567501838	0.04487110504041663	0.08236768413575461	0.059173724033312974	0.002452514131682078	0.017571638664675242	0.0043384034061786925
0.01622408810723564	0.15389528457149776	0.0019607299434182823	0.058590617217603835	0.016840928803869684	0.02185136072516526	0.051217636085353485	0.03550775984182334	0.17429069526170426	0.010590638095759962	0.03376687389283895	0.0685013090527829	0.04968050305733181	0.034940471059867056	0.03292024124273324	0.024791134238594463	0.03296118053662441	0.04057127906816577	0.025346336542701	0.025296673316841118	0.03061407561611787	0.035710335152114296	2.6510243540335543E-4	0.012039341790964029	0.011625404343488258
0.004585786638694078	0.0426216372080665	0.014246167146413219	0.08821779677692053	0.12273505918880062	0.029317678874972983	0.02216222041387171	0.04117972340336535	0.0345113741868109	0.011733717679928219	0.017255939555713085	0.05851769751620971	0.03750212296791514	0.02188166606773484	0.06544384876774711	0.024816045891744565	0.002494438558371316	0.005149013585313222	0.02693469668449626	0.038173139154869404	0.07228918257354466	0.004587049803633503	0.10616581894347035	0.06013975110519231	0.047338427306200456
0.12243378604737216	0.0011360131801954956	0.03666444775349607	0.07738100338167059	0.03318778836489101	0.03972886148794358	0.1431579466428403	0.048441341891858176	0.01414215258447974	0.009985263678370177	0.0012578880446282165	0.014941153979311166	0.0345148120500432	0.10948967053436079	0.017964097929670395	0.0029384260834657977	0.0192420523292958	0.0012939052584722138	0.007623309738045446	7.0823448914651E-4	0.02548700193762778	0.03077505986372401	0.1264245354233344	0.061864992729546334	0.019216254596210514
0.03447334390322337	0.0312909203809525	0.05068276973937983	0.11088334525162166	0.017024676658167613	0.02244593954330957	0.07936042719404	0.0742684874541835	0.11722795167965311	0.027325123275342596	0.027846453302139564	0.027368543879050022	0.005771908132412289	0.020515888334607553	0.03664500333364847	0.14550046478984718	0.008624562878356674	9.618966646283353E-4	0.05371512904626741	0.002242735959556527	0.004518566353719972	0.004880702529088683	0.039190236970138445	0.05434833832630334	0.0028865844203618887
0.08698165564888508	0.052979952614815466	0.025763134684341063	0.01454436336969811	0.010880268945265035	0.08449313831874516	0.013513711075795909	0.013849966491012694	0.04866719405009051	0.0801763459959505	0.040971132353152154	0.13870825740646148	0.010456701008640771	0.021032954999951947	0.010811263994002226	0.02579836854235372	0.015659383092288072	0.04369388117132462	0.027181691151105303	0.033285425267226484	0.10240067652989465	0.004818259166819397	0.02268674103329648	0.016203148124590467	0.054442384964292684
0.0031971492665049187	0.030708094989585495	0.01783118970221421	0.039540268130958844	0.023348771307595956	0.006023666175747754	0.1115924364961296	0.0024696834324972744	0.07941730942029303	0.08145541435491849	0.0022757373602127345	0.019799466257635883	0.11455650356606659	0.01995796167943701	0.026163055467518518	0.0031867464006959945	0.049978137715819757	0.07208264247392993	0.007549158460135402	0.06325187559427689	0.03246876355989844	0.025130762161770334	0.05338217513673078	0.07381933728660797	0.04081369360281825
0.0892194533502697	0.0066726629497561515	0.02319102870293068	0.21911839721039073	0.07124180057649798	0.009622148320875691	0.0355588380754695	0.004798865321822977	0.016169713196707666	0.08641455518598559	0.03443498920594809	0.07605072462423144	0.051764025578716386	0.0633200770727318	0.012853884536717194	0.0182130081977187	0.013751579797576546	0.03649043122100084	0.01040235093848723	0.039243187180213496	0.027913533868353123	0.0030357096119464563	0.022888528144884263	0.025451862753351852	0.0021786443774158906
0.011760524341957596	0.06967557238327607	0.08957402452455646	0.01978716239766894	0.02319285493220369	0.05935631921323059	0.07611616738868024	0.026667317966190013	0.040680748432175104	0.01272885730868387	0.00978178419675128	0.04844111019162251	0.06221707524683347	0.03255064990069751	0.04962698630733835	0.08032935892077098	0.05466835279523013	0.004075940973859556	0.015137036115427938	0.040917911518438294	0.02579544074096002	0.07612327482088532	0.009260940417829027	0.03262081427571671	0.028913774689016368
0.02426124506522933	0.05302026522538549	0.08145424562766489	0.01723013458262948	0.042344793621144884	0.00903764952388044	0.05862267816122142	0.02438652347396448	0.060772437501394334	0.005653429447328731	0.018627692554810338	1.3446572616439972E-4	0.04900338592535701	0.043266337615660275	0.018408510939518265	3.917091540919723E-4	0.02635534774622826	0.020966636921680413	0.07811886017022224	0.04535212368384427	0.031402443280742445	0.18004577432186608	0.04189841188093753	0.041671625625736286	0.027573272223296783
0.02428542004206709	0.07604388729045441	0.029311605533478686	0.03208769279919527	0.033730814418568386	0.030578542499573678	0.03947265631535647	0.0845560927893848	0.01129569916243461	0.03955220716060175	0.032946755936349596	0.020978275819377536	0.017058103044641674	0.0034825002502468436	0.017288274151371644	0.11043628631535554	0.0651979568727727	0.023955360636002652	0.03037092728909981	0.018541743880061134	0.16179627711570574	0.00809927030373258	0.08075485726598755	0.0018887479919796543	0.00629004511620028
0.07936441579997111	0.013685183522649826	0.030181291992098708	0.003858431287472444	0.22315185948939853	0.07526968781992162	0.0044820442669421395	0.032247925697670606	0.010744209046964083	2.6264259608645146E-4	0.03560054957229124	0.011858011387951686	0.07201580240891775	0.03109606765142878	0.00392451391016542	0.08212492614746145	0.004491197464551289	0.02831188879151497	0.014578600482721003	0.023463842471163898	0.006663464129668867	0.019071029909720892	0.05099839605137949	0.0538506535413694	0.08870336456051821
0.15300247779208168	0.033545139822273695	0.017282304046573167	0.017672767211747473	0.028115338911048005	0.12182628203482582	0.03691094773696269	0.03276005332881634	0.1058870809317912	0.08346498334468833	0.04687489973814737	0.0469192491785944	0.04701632950220219	0.015102607109904784	0.008134958186497628	0.014525574299906804	0.04765059522787424	0.016989604201112264	0.0017869234470331216	0.0072491031554914945	0.05760911688251967	0.007597963018614262	0.018609801770673166	0.029666132660525556	0.003799766460094549
0.030020503410082278	0.010753490124374411	0.036225776437237976	0.05570220561871041	0.010053028280011773	0.0380858320898263	0.036266045932532166	0.05129575636481387	0.04317526762150541	0.13505645145430525	0.013561631937470627	0.04632339516694933	0.002520080243736761	0.053734561073318594	0.025412100108435542	0.024509508510293605	0.004080309433539181	0.12007164099676926	0.06532656264613869	0.020091157995469854	0.02391078748425896	0.010677584403725897	0.05421983308030137	0.020128289138602727	0.06879820044758986
0.011164101925330107	0.06373015341312527	0.011188447322814925	0.008769957112923	0.08980728375241655	0.03933522567748844	0.0704058083800715	0.015713835702382536	0.07084721511279529	0.13415767917446403	0.055482835178652164	0.0037510305018993786	0.004789961110804257	0.01187302480380812	0.010754863707978679	0.09692618174115677	0.019747787623709365	0.11514402907444724	0.009767549520008089	0.05946295582751824	0.003073583757336698	0.021384113447443388	0.03470936534821514	0.023058274469367254	0.014954736313843676
0.03598481000128156	0.14520264730465185	0.06170388252076274	0.02916046758467581	0.034670772822681356	0.024018727028605694	0.04528254198186414	0.010035313707906737	0.023476666976994614	0.029807033146349173	0.03018025992857112	0.014058905825985915	0.01646338030934964	0.0318600917596566	0.0015698558934112428	0.01771234331529372	0.034560832440392694	0.03754560014910305	0.1436674312769561	0.039111439636542705	0.004291871934307308	0.04641819593348332	0.08258414762539842	0.021088876444449126	0.03954390445132531
0.024154657067882113	0.0013592811977443317	0.042810683612508775	0.010987343064594042	0.044222569220908774	0.031908276993769656	0.0653987920779755	0.05265390285797966	0.006422941547061793	0.007421327562386816	0.025191987444906902	0.08591250150275939	0.009742374146227046	3.3385219811900985E-4	0.07790816392902923	0.017270715749025153	0.005171095098871092	0.054351249099169274	0.07621843407478672	0.05211890807769686	0.06584167836156672	0.0040064897766047755	0.02946990874347715	0.039014430708673234	0.17010843588627608
0.002018600114828531	0.012219504207486225	0.1071924937443895	0.12665739375016452	0.07686832666464714	0.08354011237138131	0.030432582980720616	0.027893083859983507	0.053508404104880614	0.040794361054332824	0.13336011951564353	0.03487318497046085	0.026169938339078394	0.014910623777375513	0.004195335233057637	0.016620864077973103	0.03013973129836068	0.01384448600753907	0.0013533144638836411	0.029251514422500395	0.03787538477899799	0.0016725026523929723	0.09065232660517578	0.00296779696784584	9.880140368999438E-4
0.0634453773557642	0.008059529360727971	0.07175231981575175	0.020579422560707522	0.02265522765849473	0.023439434282454076	0.059752155578482125	0.023701869126549938	0.0017622508660839892	0.06538290727501112	0.05328295505523527	3.924674625767205E-4	0.08505659346770085	0.016917000647143434	0.023109984609405394	0.010070994053487246	0.0066400970737578655	0.20382091978835482	0.05311406547440596	0.042417681849846206	0.009324347443579618	0.023048539992384376	0.0019823368506097644	0.06034601794076112	0.04994550441072401
0.0015443518085199517	0.008790115315640258	0.07365593305931445	0.010331433254857816	0.06104384498621316	0.013544851770477186	0.06748255656282796	0.04190867792421895	0.04326870981385927	0.0017941443976487517	0.10340435414281052	0.007818730046966663	0.05255433651708919	0.04656173925449975	0.0388317781465366	0.004457999275653983	0.054284346237937584	0.036773781351856105	0.039128277027902336	0.04619520238561633	0.04809235500070811	0.050256026042370734	0.013984154986280486	0.015108442967386317	0.1191838577228076
0.015355650228567098	4.1438933547122137E-4	0.0021391675540437805	0.002787028218119325	0.044441294507735096	0.061239787963350084	0.061429897361229224	0.009467586468573045	0.0220056770447246	0.04204278681780192	0.012251562201765463	0.05193421724377305	0.09269797667217065	0.16910834524663212	0.030272171626493045	0.02844062529318115	0.04248984539491398	0.013208327555445848	0.10239462763504475	0.009844643993322372	0.06059988778497905	0.00804443683866058	0.011984502652556135	0.05952285004823145	0.04588271431321493
0.032834120730286354	0.01679347233443668	0.019210575489941994	0.08272394157387994	0.02707420612480694	0.006869230680193718	0.08978981392633828	0.062268295196189594	0.011110315153629018	0.006812506009322393	0.12858434408378247	0.0475467922211765	0.0038341707918841533	0.08873072592653536	0.021287385359530762	0.051679769104181046	0.028900439224119393	0.10992095541606886	0.02237055668111876	0.02711459194551375	0.030165752295663546	0.030551840592240878	0.0037787566200438924	0.030432596329967785	0.01961484618914806
0.0029836890751497244	0.021028211278339672	0.1532047325805799	0.14044637343141148	0.013354586367558447	0.021881050047319422	0.002272997163147557	0.0071379426237117224	0.027868672470266122	0.07917354255096515	0.005096558628759247	0.08288592373015083	0.10442697163309056	0.004853827010591928	0.011386048613114364	0.1056519249297666	0.06566613535179633	0.011050603305159914	6.714258288253727E-4	0.006014341839420789	0.03877176667337022	0.03900376201053996	3.322498165913984E-4	0.034183461188223116	0.020653201852150402
0.07646663396499562	0.05096891396173499	0.030136470240897814	0.02187361354398248	0.009048093499719613	0.03253067379564038	0.021356162768111173	0.12771975272512612	0.005086885082096308	0.0375643256221017	0.04188468734433655	0.025962685668411513	0.07127045683636399	0.1113852238102741	0.038926073095097886	0.0720196677766134	0.06229760084742057	0.019740217103413834	0.05279297640721383	0.022304989543167075	8.115919637986246E-4	0.004605269613055733	0.03867743289519675	0.001546868005029893	0.023022733886200023
0.004663952440217986	0.03262667945903957	0.02534077215286662	0.002663793835481404	0.02716522433095379	0.007847289653608452	0.00646107030415094	0.14603213050108343	0.005326234974145125	0.007986880830725705	0.03026803273835855	0.08052364105273968	0.06515660125762066	0.06339526917821375	0.04930156912739324	0.050958382916660175	0.0519895551952088	0.0603236002591095	0.03009587606864884	0.015328477625956356	0.020471811404227748	0.0523661199889248	0.015492668834963075	0.13129298541578818	0.016921380453913705
0.013053660094376852	0.05280432523440978	0.04357616552842785	0.1006754207770029	0.01789390966531674	0.01038285467823966	0.021836200293941406	0.006931432981400122	0.150652532787355	0.12238271793265837	0.02694816733641053	0.0628773312991095	0.07221951813143562	0.025692911383711464	0.004882226516950389	0.09429993038219442	0.0017523884746747792	0.022395909112436375	0.00717442647804032	0.06645268695621318	0.025359366698896567	0.009961311874418035	0.024945108580834006	0.004812530640054366	0.010036966161491866
0.02345726049666845	0.023944527883995616	0.04286710493670347	0.015985635975658097	0.05290937494011473	0.017034321584446798	0.033778287469940396	0.16213249658845197	0.02763816125550473	0.04940441239703147	0.011969021771004767	0.04592209065338901	0.04108250121002168	0.01652172919016882	0.01890176172035121	0.04279526057429693	0.10910725972410346	0.021261468934481918	0.010657097479606015	0.07264230267074295	0.020200535583648836	0.022898927780826812	0.07223331689572884	0.025562121206715808	0.019093021076397258
0.018586289468784906	0.029470275646275197	0.01429237401750777	0.0036730836438203587	0.0410506281026935	0.05276517012648638	0.11859972820050207	0.12211925714758243	0.08480850271297584	0.014989773222145626	0.125242068727124	0.01844033792132129	0.026889050902753644	0.03627184963927751	0.02160817276269096	0.0786123438241561	0.036998191772205966	0.018758548822808897	0.020386170908406394	0.009278550744420744	0.03151880166394434	0.0010608593614296682	0.0340961299815379	0.014880182071679134	0.02560365860746945
0.011854451449115525	0.00783737594390941	0.04884984574862298	0.013414701973390515	0.045895066473317876	0.020683086591651467	0.0055760246876725775	1.1413864412321284E-5	0.10370592906691861	0.009016923204110069	0.0032325457170429978	0.07025378767088367	0.15441737591224666	0.011766273777170235	0.01943092135294747	0.04051225320392452	0.03614761625354986	0.08218082554353845	0.013847471434684733	0.03894498074123576	0.03471184618743567	0.061203067616453326	0.052807281188623705	0.060957811791986734	0.052741122605154886
0.028173468209609767	0.0315392393603177	0.07144401001714137	0.0022611152469554155	0.024257869556706908	0.059951797798289935	0.04015905695513002	0.0555713122950812	0.01992777604180988	0.028718263174315452	0.046588665360440984	0.06651696978369934	0.0779025949925854	0.03977102355377329	0.04174420837747027	0.13859318409906654	0.0021285842990267506	0.016826304558618867	0.016127043097579136	0.019293497585757324	0.037766165788865186	0.0662299463957397	0.029160314657591585	0.027108471005497126	0.012239117788930873
0.02857696085069656	0.004684295210952462	0.01829203488718031	0.03819425812106925	0.034274972476182754	0.008613956923515367	0.036326938804804795	0.01217148792936992	0.04607236980417717	0.024959198154209307	0.03407432549869985	0.12967768739333196	0.0028867490385795502	0.01491165127188614	0.03248888090650383	0.12076350071899769	0.01872160273739899	0.04809222067793374	0.012850944653880206	0.09926652643849043	0.1123076928512603	0.009504861364601134	0.02019801217696306	0.0737353870751685	0.01835348403414673
0.09400384866513266	0.024548918581074095	0.022593396651812907	0.019040768060723346	0.05535065606326825	0.019150822886530913	0.08504237871597059	1.9294584835181927E-4	0.041973698945890515	0.07084898048836477	0.010208282918909961	0.009123860432646853	0.015010205291820646	0.1025345683042963	0.06213023445866371	0.009584052559437152	0.11619831977086795	0.007048110188003491	0.0031764095879140905	0.024417989369523566	0.08466902704611821	0.010584113270457787	0.016075689760097288	0.006559957436430716	0.0899327646976924
0.06256117007361028	0.03366852898434593	0.01251421336829097	0.003911378647384188	0.07881361925901159	0.0340328707678628	0.03367765898538696	0.019313104211140648	0.02058531273794838	0.13001888210314727	0.10535201873721067	0.07434813746286179	0.01801361190839699	0.0036863573347812872	0.013820438728754481	0.05007364677360112	0.022774748953549872	0.020313921259297086	0.030549902114912986	0.0021666255791826725	0.02754692463060917	0.043071616376328885	0.07200335431522631	0.04604335126922809	0.04113860541792956
0.04768376814955269	0.02942913121203418	0.011011632153111899	0.042749907274469805	0.15383926682519572	0.023338883207903227	0.04491200918219306	4.162373651763543E-4	0.021187132579150843	0.01514007786262394	0.03700371423094383	0.017332712604119054	0.197690916841758	0.02672062329823497	0.07273003789396695	0.017751845454081885	0.006715102060994099	0.0061556487916353125	0.0014702244007335427	0.06166071430232133	0.055681422167165845	0.04549562045768456	0.05041117828034933	0.005351392228848978	0.008120801175750633
0.014667698888899884	0.036486097684637814	0.02947113397608101	0.0913747282784899	0.06913823348062925	0.053013921587397796	0.029816857741598216	0.03320700988620024	0.04417042234617993	0.011711524407424786	0.05515864431657279	0.01300517746297767	0.021107396580582336	0.06800331657992134	1.4541650776029452E-4	0.021073049313489408	0.06528153533312349	0.0669394804274132	0.05687717898265014	0.0041212761596372965	0.023501875903413818	0.04421659558588169	0.05384749467145092	0.051963468370164384	0.04170046552742239
0.05604315669343839	0.07273250186412103	0.0042140475487524726	0.021287494782576924	0.08077303890483152	0.042267967017335935	0.0341679549232876	0.021485127138642778	0.04577713402843311	0.029712079622733766	0.1094990115717388	0.049653542462903696	0.07617362814577391	0.04853783405253708	0.02500865570312894	0.009939475211071226	0.07367957474724458	0.02624532308096822	0.036715117983833555	0.0013105673301755452	0.03851881876838808	0.05664261078771542	0.00234409096093903	0.018632795035695687	0.018638451633732695
0.05194870540174907	0.053647974965116176	0.05980368860630282	0.04937222180774918	0.03646709371870179	0.015374366187481007	0.034302934438063794	0.05171532613234432	1.1020317975986293E-4	0.10460081277939895	0.02297884388724156	0.08344913444572266	0.011395608684772532	9.952850751032763E-4	0.013119935002656301	0.0026010772669688015	0.07087921411569208	0.06650611002231914	0.051237658212079665	0.00539391706489125	0.05683175576271947	0.03755898032644686	0.07204930786267927	0.02312378017960529	0.02453606487443489
0.007841113864464427	0.14326899710924515	0.07024964088147521	0.0046575125944399096	0.044522913680374476	0.032933230081513165	0.10238659856891046	0.06843115527531346	0.007424896105992722	0.013016067270064522	0.08969819692418544	0.011325188583717546	0.05135418338496276	0.021416550000278194	0.042478881242396356	1.322150573926581E-4	0.055686436426597624	4.053573823004433E-4	0.04182363060945831	0.026308393593190798	0.010934780376372275	0.03838889914175082	0.09457955223111408	0.003159732320399976	0.017575877294089236
0.02602597848669882	0.013722900595602779	0.019676438810182703	0.13037652955279788	0.050661767827165874	0.04481153270330005	0.026710333137572262	0.07274881796424375	0.05974651506118372	0.01411118234297521	3.547738031643016E-4	0.03956205589410739	0.013365012781368625	0.04784190098466331	0.012112199297428905	0.011468836902581894	0.005458811283255746	0.0020212265447709654	0.03139151487884657	0.19712240538718726	0.012692520358283589	0.006223294178907851	0.04811189272869085	0.07987457367677359	0.033806984818246164
0.004635677343346682	0.01630867417144183	0.05973469865520202	0.027461480344480864	0.1699780287436165	0.06826498843107409	0.002804306074555604	0.039232450793674406	0.005365390260188396	0.005105658021537798	0.027675770076470183	0.08234506867455654	0.07475440282923755	0.04849677989997656	0.04884426941711319	0.03204663012146546	0.00639231200889586	0.014970514920821052	0.10030128443326256	0.013949972697591826	0.001258345802422435	0.01079254010836837	0.012950685075142198	0.07242388978837329	0.05390618130718485
0.06369065622856493	0.0907277099753557	0.027431357356678343	0.00592465730713005	0.01909230847110125	0.051074228066835085	0.06818799299492202	0.09743401353988637	0.026469395279707965	0.014041333622699076	0.0053525030317581115	0.08011999324841326	0.04042597726026694	0.005530530019784853	0.01117375775960187	0.016110625895194675	0.053364435882507555	0.004269764780723807	0.024407009610195537	0.03330259752428533	0.07255545784451728	0.03456583953105711	0.06722983878064048	0.06761411032846676	0.01990390565970561
0.010381950584542742	0.01319549777691623	0.022333686598218196	0.01718240011731237	0.05581229033042851	0.060775116007846255	0.06807754440722293	0.003785073487858101	0.010819861109306592	0.019745999754492982	0.004095919065032212	0.06686625133085092	0.03713893073865495	0.001722623034711046	0.006218829686204089	0.020825206479521387	0.06677807570432386	0.04743032661172704	0.06253917760496219	5.125428592998582E-4	0.0737242290035045	0.21438235868045946	0.010651878653732856	0.03812233668590631	0.06688189368696451
0.045193214175712815	0.03253396345567392	0.08568095447622696	0.006981151823854649	0.0023260786755168947	0.1278194539330165	0.06835778474694018	0.08311713865815684	0.08317481429549359	0.0036267109016296234	0.017177732920833105	0.045659936584294486	0.004807252023725048	0.012648973000584443	0.02753805881837538	0.021071494559954336	0.07366218144951298	0.022959033951956892	0.08273414431536512	0.005464145699169989	0.042054635751091064	0.011139028503128777	0.043472770342226144	0.029153887434678886	0.02164545950288134
0.05398184158692131	0.011645496499515424	0.09816159396087398	0.018197295104958915	0.03853332892018368	0.020679539759033336	0.012024751480659377	0.09023108162844498	0.030444029935927645	0.014515067360582615	0.0612489034315701	0.06591830430143042	0.006068668315862842	0.14895867647656136	0.06709755600443956	0.02893743343433247	0.009779769431162762	0.004292549723621759	0.011421232798985461	0.021018700003133706	0.01778479654038251	0.039697410724122875	0.04462330835027183	0.08257546664502989	0.0021631975819911
0.05351573032233681	0.06395375940819463	0.030200357100541954	0.005645993989913972	0.009057081358910025	0.024026053597763067	0.07845930261925911	0.01705593706539988	0.033961923581043635	0.01740120616656604	0.06068805856842362	0.047829383112816024	0.03200424242091756	0.011289625915020363	0.20768963769566842	0.005961022629447865	0.00890808211220966	0.0037646485053571682	0.08402470866913252	0.12394687286446038	0.014222307276898532	0.013874966186874244	0.015078940902835382	0.002672571356042208	0.03476758657396689
0.002772112255935384	0.05369158953516927	0.04290254619320318	0.02764423895667105	0.041272839474188285	0.012877135227882263	0.05040637258774846	0.038050729999747956	0.07703086054849265	0.08033301071907112	0.0064680405545209235	0.03500075877180412	0.03001929994724389	0.036356306923025196	0.02910513647548695	0.07720292031388461	0.030452963632402758	0.06795925863992534	0.06298505055741914	0.01730620743553996	0.05839675429947293	0.04306887260932887	0.04510854506094019	0.019010373531677092	0.014578075749218475
0.04991950152684904	0.10439241936855415	0.02814289500914605	0.03181824995962617	0.02986500714196438	0.13879235121916317	0.03499008613537165	0.05389934172023321	0.013683720527868252	0.025296877405365382	0.007337014340702795	0.08069046979295633	0.02681121682556715	0.04798853736673317	3.64134198703181E-4	0.030986877456898286	0.01055715845275237	0.007902960729154924	0.07030148878449793	0.022276873938794243	0.055396798887666514	0.08984410556099875	0.00534408663870662	0.005077243977573885	0.0283205830341524
0.0672592011712768	0.1288155069372591	0.023184524123231718	0.010848713410574407	0.0060573259480609515	0.09385536373387049	0.027087238282314706	0.07538980351514453	0.05991930911002041	0.015587482932001032	0.08143685266867005	0.04430213880433742	6.403002398708557E-4	0.01062451358379982	0.015988603604423744	0.030415806105016263	0.04351645753493015	0.09155204067023959	0.033636622598729876	7.675860037047594E-4	0.003222163710932577	0.023728318358022565	0.05273498266536442	0.01314631748506936	0.04628282680313437
0.06823793398361536	0.03971215155873028	0.0024842019620266304	0.019439599664674387	0.0674285988689286	0.05848049073982275	0.018614226430797028	0.06308277887780979	0.11670917057153338	4.910131207752771E-4	0.012360097022943002	0.02056282301941774	0.004752302647224246	0.013647021303281687	0.023777668197064526	0.07432968748135914	0.05071957629589095	0.0423276070093047	0.11425621611692494	0.013419846660938421	0.019280600898272084	0.07452217012946644	0.006581912573317784	0.002295358521239438	0.07248694634464148
0.011391986372036672	0.03959648958879195	0.0013502852034624133	0.003790727134131165	0.005885744982996106	0.08023717806563768	0.15760669156037166	0.017378104529681054	0.02046756151730559	0.051971515275844926	0.08875183025212457	0.023392315769469357	0.05556259997603065	0.05415762637470693	0.004577016184279102	0.10900988776221368	0.02804835001227264	0.04783721729179136	0.04670878882240637	0.04299542534467244	0.009973925073037956	0.005061968698314122	0.0010144837986125269	0.0030831501686965426	0.09014913024111265
0.0449333855121342	0.11087621167949999	0.0246406518766387	0.005353574354998593	0.012791173113101795	0.050864648361038156	0.1519003681955922	0.09463518810683619	0.008566804522077878	0.017707123246886444	0.025392712500977823	0.012735981930084617	0.009562677576191801	0.02313296908614195	0.00689534624576589	0.025065912420784656	0.07080578921073846	0.03918564771283726	0.013666156012893324	0.09434813261486155	3.3744404186983323E-4	0.061434980887159554	0.02954267294797524	0.003636944699547111	0.0619875031433668
