0.30694919891653094	0.024445525355680536	0.42157346777361593	0.15074097926251506	0.09629082869165724
0.04608179009120977	0.0513307569204024	0.7880765536986134	0.09156089703237005	0.02295000225740418
0.022474574194072533	0.27947676191334536	0.25763721194390354	0.4290341850271743	0.011377266921504203
0.1145148523862456	0.30796916397279345	0.18698226177602428	0.026367401937162027	0.3641663199277745
0.32517372912655096	0.2567010411322909	0.10978064831408366	0.18499174434162247	0.1233528370854517
0.05618714572184319	0.06600695696935419	0.5286108997467592	0.33905517032716825	0.010139827234874943
0.39260401303768244	0.00660579244448431	0.07068704380605398	0.06568992819687527	0.4644132225149037
0.33892918767315405	0.2618684301996466	0.045683799881274106	0.3146778874090913	0.03884069483683367
0.27461014474048195	0.4326870230467224	0.03181175007142145	0.028280863963386832	0.23261021817798705
0.25074375999139814	0.0075785447671894435	0.13520768791788879	0.4461676613724691	0.16030234595105425
0.012059838694820468	0.46509135712976035	0.15529688808646563	0.04926714466127308	0.3182847714276804
0.051715355346393904	0.06301247812362351	0.2896704630463768	0.19337127376969546	0.4022304297139102
0.027471783880475664	0.10234420693583485	0.12453513237436223	0.14119524066608835	0.6044536361432389
0.24342833896485194	0.05296001591447777	0.16038205888728882	0.19701724500583664	0.3462123412275446
0.6631586176283308	0.019884972215693797	0.05282203420107842	0.0739811579311705	0.19015321802372595
0.049286670865343885	0.5296144233098177	0.10907891221420149	0.1526644143759755	0.15935557923466132
0.05718257084172401	0.5433221874379572	0.04016937097006909	0.08762469575212767	0.2717011749981219
0.3082121185993086	0.1676131537357778	0.20909104268060497	0.11583015474007323	0.19925353024423517
0.007815406465216473	0.27811559523398255	0.3397380306450666	0.22633559348878365	0.14799537416695058
0.050678384893201534	0.14441611233081011	0.02511799040147991	0.7412697694575355	0.03851774291697285
0.4516337416818422	0.047798378319986984	0.27969867101184076	0.1378126241756767	0.08305658481065295
0.2020763168678339	0.05699865532118581	0.371404918216171	0.34886708596267724	0.020653023632131867
0.1386030676743124	0.646829712366147	0.1660811983662746	0.010795712524370171	0.037690309068895644
0.1322019393143697	0.5967059738117698	0.1046295071622169	0.14365481510896333	0.02280776460268011
0.018537747489170586	0.07350228669450418	0.014940965906062503	0.03276096068975615	0.8602580392205065
0.20939166870228113	0.075615515856611	0.23407254477982148	0.4796691239413383	0.0012511467199478876
0.10390903846094225	0.35191027948679426	0.2988783060455258	0.041340718424929146	0.20396165758180837
0.10704536454954575	0.30958868542211887	0.45818747466171805	0.007085048580041026	0.11809342678657608
0.09397325887549336	0.040214596090000526	0.5511986067011925	0.31407722363815693	5.363146951565811E-4
0.423360400883253	0.15329472832283847	0.13328404781783612	0.14124065744807207	0.148820165528
0.01678848631798399	0.19357867793579428	0.22960136338613044	0.4193978046588062	0.14063366770128496
0.08340783668224716	0.3881671350420356	0.06372089443650353	0.027118329258727203	0.4375858045804864
0.004642797690674438	0.19974610880278287	0.30007084695449593	0.23142719653791732	0.2641130500141293
0.1437045103081386	0.30333809957094426	0.20410692880313264	0.06206500785348945	0.28678545346429485
0.17913677165813663	0.1988373529799131	0.21730133812930955	0.34303912096098516	0.06168541627165536
0.19283595728148656	0.384323336207663	0.08223639836927527	0.32038565065030594	0.020218657491269
0.13519112730399688	0.4972424161472793	0.04089263360391915	0.06634483084362533	0.2603289921011791
0.010723716375205639	0.06966423340119174	0.3168470250331702	0.3037439177374057	0.29902110745302657
0.5318933777742658	0.39465990246258115	0.013182940269479082	0.0436464517611061	0.01661732773256741
0.17301416517575713	0.1374151444629681	0.3653600957406412	0.21102525349655063	0.11318534112408277
0.18290791686100877	0.0769920956311008	0.22571175209590974	0.030543037885721186	0.48384519752625926
0.0032501679241681847	0.012615599731290339	0.6590377337441303	0.31819103159104734	0.0069054670093637305
0.2634433803504045	0.0013454208551754998	0.36765265474129977	0.17741266386352542	0.19014588018959455
0.14781960572351943	0.5595010959894229	0.09729150932080781	0.006476057999392076	0.18891173096685754
0.5083969255900871	0.3219151552604499	0.03644308869343457	0.0038101558570570737	0.12943467459897096
0.034281954027377826	0.011669877224509878	0.2931998959380494	0.5573840033952422	0.1034642694148206
0.23228272367780048	0.0028891232418558344	0.005134318503772717	0.45762191579711764	0.3020719187794531
0.4616620017929677	0.2714110725835555	0.0970699152947535	0.04912919897564033	0.12072781135308261
0.05961303764033257	0.214893892618847	0.6129731286573044	0.08164331100219784	0.030876630081318024
0.76846273063813	0.054182341108724136	0.15562256781169606	0.007869648711237742	0.013862711730211558
0.09420191967782013	0.3544423647264766	0.4249635132957173	0.11118773583413906	0.01520446646584675
0.011055249103144538	0.028116747053012536	0.10207043625016146	0.31136899332191237	0.547388574271769
0.23012624284595812	0.2844398549479316	0.3650926303549557	0.06764743041306975	0.05269384143808459
0.22063502589853834	0.16469124872230292	0.23198104714569642	0.3517925313917085	0.030900146841753573
0.12592210347014895	0.1226190372182269	0.38751010987885304	0.25591776265914223	0.10803098677362871
0.27834772405030295	0.40885312723535355	0.038117201874816514	0.0738932548318541	0.2007886920076726
0.33211492884322735	0.21234885983207058	0.24282646593899912	0.18970051871455434	0.023009226671148297
0.02775382412525093	0.48686391728520656	0.22234661560204985	0.00621714381721275	0.25681849917027977
0.22493516525969565	0.27070067377542334	0.25638563439964374	0.04316624670616806	0.204812279859069
0.11884163729494313	0.18617606505585405	0.19386062408265023	0.29364027891283884	0.2074813946537136
0.06103267470186746	0.5095788016480007	0.008964444864035886	0.351767695656395	0.0686563831297008
0.06902070500387147	0.3050050166609318	0.3998232578118418	0.2077472993804745	0.018403721142880247
0.3705362755773728	0.0012216694696373376	0.428125951871592	1.194152760812528E-4	0.19999668780531626
0.4892328110102081	0.12551154223682592	0.3124593121762467	0.048236086529757694	0.02456024804696122
0.39786002422826827	0.28083842972939543	0.1331665303554923	0.03257839525066167	0.15555662043618193
0.4568975255706354	0.3715867291856429	0.034084687650232925	0.13215218106879711	0.005278876524691306
0.08028526184017798	0.26084289710385966	0.18717559680056356	0.0629499495330332	0.40874629472236546
0.21799948699134175	0.3367301621431764	0.2008423867590182	0.07072750734528735	0.17370045676117607
0.20301543889168489	0.3082102202517118	0.3601942659492951	0.10628697267690165	0.022293102230406342
0.15520078076846983	0.3244435699191726	0.32989200740477553	0.06686642713173382	0.12359721477584801
0.357603631833765	0.42662671091316545	0.09563818965510429	0.07390681461638596	0.04622465298157902
0.4622558029888768	0.012629050002904624	0.1707117874508741	0.1066650406064997	0.2477383189508444
0.051344384848193175	0.06551997872243723	0.3399079012022933	0.3556950766774799	0.1875326585495962
0.3087536865020503	0.039542701548454656	0.11033062885970744	0.3250770152677872	0.21629596782200003
0.15594855724329987	0.23828344925400652	0.4135607162172149	0.13993547383913674	0.05227180344634172
0.43990302869964004	0.08689602007115779	0.36783638602873725	0.06629811173825631	0.03906645346220819
0.16375090205373743	0.18272254236988586	0.0422452925451724	0.34946635108479907	0.26181491194640505
0.37114941752892167	0.17011135064793095	0.03110160290457256	0.2677054291279457	0.15993219979062878
0.13514394295082133	0.10221542518729167	0.29951849353783433	0.16431828697956297	0.29880385134448956
0.13595564075340624	0.23163166336295088	0.3527519656710743	0.007145339284916202	0.2725153909276522
0.22081844587465554	0.07754656934121909	0.210949560162703	0.006444206528668672	0.48424121809275344
0.0018112217243903272	0.14341418765727607	0.592834461151129	0.08272737550922672	0.17921275395797773
0.10196810619714028	0.4325419555342757	0.34810385652188164	0.09570165616396568	0.021684425582736533
0.2740984898339376	0.036186258313812	0.461592658126413	0.16686066042902775	0.06126193329680937
0.22747800157828763	0.13603973434148675	0.1361045006512763	0.2068140994515693	0.29356366397737976
0.13043830037112408	0.17823611605014045	0.41071098805814676	0.043745070400059594	0.2368695251205289
0.16629669794149046	0.03219506092840968	0.5126100560444871	0.16470810387719015	0.1241900812084225
0.5207368784832108	0.2805388203985594	0.005267881304742816	0.15130820547867263	0.04214821433481397
0.2538549517186838	0.15867448399132159	0.06883445166433327	0.03355752106474502	0.48507859156091604
0.13893250892937514	0.09396153206330306	0.15339608079216666	0.04329202800917295	0.570417850205982
0.07470421521727727	0.117016606550594	0.07755600785957723	0.327137685323866	0.4035854850486853
0.204915349542295	0.03219650973737606	0.5923705817074709	0.10040871440897968	0.0701088446038782
0.2197444408244798	0.08709381337814105	0.2374437439366665	0.20992044891773767	0.24579755294297473
0.5352162846337505	0.3752729268900111	0.008697951658638015	0.032092429659944466	0.048720407157655465
0.10498679219730264	0.49425759626992305	0.15181336567067927	0.08145478863706739	0.16748745722502745
0.4080405838224803	0.02710749672433363	0.21482214463547047	0.20653974102160366	0.14349003379611153
0.035860609842480934	0.0050140607087177935	0.299031189559356	0.08689382582734427	0.5732003140621009
0.3102865276841955	0.07603012634913503	0.05173964090810851	0.4358090085332914	0.12613469652526932
0.3864569400403532	0.17373180389996884	0.0680223686388508	0.2637582594306326	0.10803062799019425
0.4049004521072074	0.22980003911333904	0.2658988996586197	0.01879308218691403	0.08060752693391955
0.15649308137211987	0.22638658789968702	0.2748733886661672	0.09088123767719931	0.2513657043848264
0.13368869136836786	0.032734973782866494	0.20402321692624736	0.29724435944286215	0.33230875847965596
0.7775434947769883	0.09396980141840225	0.0069456804341123946	0.04172340402705629	0.07981761934344017
0.6415224275401445	0.14171077893994038	0.10064011871052375	0.04391695682628283	0.07220971798310793
0.055051442410977536	0.1905137019220303	0.096061832621663	0.4596754567855687	0.1986975662597603
0.09342684964471154	0.16064253566817616	0.30633026247881645	0.030402803947940704	0.409197548260355
0.08762371961751605	0.27468154497151703	0.5226914482271898	0.017294092855623194	0.09770919432815381
0.3375043706002322	0.08513920991844132	0.08768702371950549	0.4100805015538689	0.07958889420795182
0.05582728089681732	0.07053252089160164	0.4844784388526051	0.07253945707809811	0.3166223022808776
0.009943696379104805	0.06103165817641262	0.181524949260974	0.38768247300146946	0.35981722318203896
0.6272172600185011	0.10391551943503632	0.16011684469254225	0.10791693925016477	8.334366037550944E-4
0.08081537019430572	0.12300111851458853	0.1011453385479836	0.3548266767879946	0.3402114959551274
0.00974698896770168	0.2125469647901243	0.23292462258626973	0.2297658699622985	0.3150155536936057
0.041464932008985794	0.5086881855918404	0.26891296084479116	0.043111820463109046	0.1378221010912735
0.2906367947178094	0.022510295954927817	0.027278784334437672	0.16065147396835808	0.49892265102446676
0.20726455343486502	0.24102075907042492	0.10886468238650181	0.21277766648863902	0.230072338619569
0.019088089588659735	0.16732253673324132	0.27173491352780754	0.0798424176596334	0.46201204249065786
9.387832201154245E-4	0.07200034117235271	0.19476158794290724	0.2768598604853589	0.45543942717926567
0.020627037058507575	0.40982122142299066	0.07776528671697422	0.01943396358361235	0.47235249121791506
0.2381124021495096	0.19890754967575117	0.13846138754401277	0.3375077447059722	0.08701091592475398
0.006540829071689236	0.030962939781882082	0.337273761720367	0.3417515723069774	0.2834708971190842
0.13996213580110878	0.34122138262918633	0.08737676449162167	0.14020660876898683	0.29123310830909616
0.12965876610709587	0.010827425779406541	0.05763051547316661	0.49912242855889283	0.302760864081438
0.10586120930179267	0.10651934152761693	0.04709951053569156	0.5363554557893193	0.2041644828455793
0.13554393801457668	0.08307848455652513	0.1096019756538609	0.18820202524802424	0.4835735765270129
0.17772043665231818	0.21616282644899737	0.0354705070397664	0.5529493646346116	0.01769686522430622
0.15972180993052668	0.1642632112877373	0.05530728397293827	0.49628658624574234	0.12442110856305522
1.9340684328844615E-4	0.13417681303752296	0.40010763668773197	0.04894767205370437	0.4165744713777522
