0.04285734770671841	0.2310172002783204	0.03237400773842826	0.12685209943654674	0.05441387339972088	0.09292149908865517	0.0693518327732444	0.3502121395783655
0.06103166565022601	0.2960511760071681	0.16515605087735685	0.055954564559622	0.2719070467475695	0.027805499022504038	0.08556830892538489	0.03652568821016847
0.07118653991156507	3.873868088022231E-4	0.18755340244737143	0.4674286494672739	0.08505490912059617	0.052540885269542134	0.11996435189401647	0.015883875080832457
0.10125005727768475	0.203870086406286	0.08139960118585113	0.22588350731693455	0.02923428999663706	0.07779891099081526	0.11009249066394014	0.17047105616185088
0.08479808991924123	0.027995739537604022	0.09336817816487661	0.2647424310706828	0.11533576074788264	0.3296645611034157	0.026847552951258263	0.05724768650503856
0.12501618848749796	0.062011629635002966	0.16562194638131905	0.019559125730965757	0.20204440715674174	0.09980074980220982	0.0698948527945327	0.2560511000117298
0.14449865458110192	0.07240381678754622	0.061872454705012486	0.07275183358954522	0.2256949556152548	0.1625518642050639	0.07678529757607772	0.18344112294039752
0.32586275753865257	0.0743499232617141	0.05103812204805193	0.13222813594663313	0.17156043278003305	0.10615908292776492	0.03980628048598575	0.09899526501116426
0.2150155453769371	0.10383622306421786	0.176114398860664	0.0448476779655516	0.10550150539973899	0.04611650254651044	0.041868328664120574	0.2666998181222592
0.16270940717380314	0.1616389705099064	0.1189111151439927	0.009489838199449374	0.07452570388145577	0.13536597834334496	0.09189327880409753	0.2454657079439499
0.07258616882340985	0.5347568411213103	0.0026993160575148195	0.164190714801837	0.042206671965820314	0.06159889873149957	0.030765390550876986	0.091195997947731
0.10022485248448824	0.06331684822420103	0.06653985172100288	0.10642118705161054	0.40194660332044296	0.1492247412510394	0.03804291786283459	0.07428299808438009
0.06337410840215552	0.1423138420857809	0.2050889106624795	0.08707771734958769	0.025237867611696246	0.32866392165970826	0.06851605332322415	0.0797275789053675
0.0055341985491789425	0.039343748565068504	0.2273406713688764	0.2644303473433349	0.008674843163527485	0.04128745807527126	0.00935023020435187	0.40403850273039044
0.04600134720098667	0.15356207384290058	0.22837152710573128	0.14625753770412617	0.12493963683628113	0.24536499557960653	0.03385221663686891	0.021650665093498556
0.05079293978618761	0.20020670475995056	0.10294151960092444	0.37841002843534566	0.0025518336064034447	0.10495368214685724	0.06008461799205936	0.10005867367227156
0.1682003799158705	0.15747999065937607	0.24758325716480273	0.25960809802396434	0.0995909422671625	0.05900917344656545	0.001154900026705985	0.00737325849555219
0.028513834674539357	0.05966603742900388	0.07314067526833515	0.3696384211050436	0.04989665194141997	0.26772140129378785	0.03543079335350857	0.11599218493436143
0.21542705236495888	0.047359858714212374	0.015773500421498554	0.1045772444968497	0.12333334008235522	0.19064933951794327	0.24719335173675122	0.05568631266543057
0.08591200417530626	0.17387171746834376	0.19289581438018166	0.024747655558619047	0.21190083913749852	0.17209778000070933	0.06545086251121826	0.073123326768123
0.1902123925462094	0.08076278661834028	0.09058510084741712	0.13232123208621854	0.05771380533612358	0.047688746623843384	0.3647617979943998	0.035954137947447756
0.03182176895953483	0.13182669988986648	0.0018593018192511745	0.0520968872961422	0.12708986749906756	0.19311879280944338	0.35545568151303053	0.10673100021366363
0.1864086334934909	0.08111717832160567	0.15108921873483805	0.10737548244141192	0.17726087276881908	0.017298915603153206	0.12767526516115218	0.15177443347552874
0.005683809594008549	0.08952180516296979	0.0032369325893689127	0.09852256667524763	0.2375029220172083	0.29073052081880013	0.19556447120570614	0.07923697193669035
0.01712099552008474	0.02791156128507294	0.007231697484325922	0.12080982236213549	0.11014656144887369	0.12960419678258867	0.4438880801131345	0.14328708500378384
0.0014287139196537402	0.07477343728210115	0.11494020828763041	0.23413927426761388	0.06885968902999856	0.12051539023348676	0.15391910374028295	0.23142418323923236
0.4187744417113598	0.14336176691190133	0.004507069917472045	0.07368915218556152	0.009647364324184698	0.18546559150042838	0.14899593006898446	0.015558683380107602
0.2498778752735148	0.20430884788897385	0.11263378582909166	0.005881974342010279	0.011921749196439554	0.037468541749684545	0.18583102162143053	0.19207620409885445
0.305203434616647	0.05739711537317682	0.24452897406131377	0.23106128912772447	0.04371262703774072	0.0439782540538924	0.03139500025433399	0.0427233054751705
0.05158471814084564	0.02174886838938074	0.10252963565148882	0.2258047042730531	0.22974348468128714	0.2302171278970773	0.017477240512427855	0.12089422045443918
0.08984310281559982	0.06156791705438491	0.062310585522853706	0.20358681391558814	0.027036828362298954	0.21595258705741224	0.18070776499420008	0.15899440027766193
0.26079668789970833	0.21981519191902696	0.25071067051707396	0.026290132598441956	0.008439705941731601	0.16340803490500355	0.022488366433807444	0.0480512097852059
0.04496508293966775	0.05269193769077572	0.04776474176291376	0.359347394696463	0.012229808480303112	0.177372148571949	0.05251014860355893	0.2531187372543685
0.0668906028976175	0.18886902274576445	0.21272853190390723	0.024620140606709445	0.14298737600913716	0.14052349185424706	0.09650616655626859	0.1268746674263484
0.010610929714467698	0.24848441848708727	0.07677049412206602	0.12007999513511032	0.18690185291594397	0.08361179961970204	0.1803696112455997	0.09317089876002282
0.16145998550002255	0.0884570202595093	0.05680038173043968	0.1010895528133883	0.06153674441119865	0.21400311754570733	0.18538429221020408	0.1312689055295299
0.013933677819754686	0.11499198780479265	0.15352495452921117	0.24548491886031126	0.09535716296430181	0.032501745555467615	0.08919446568106013	0.25501108678510054
0.02692378384220026	0.038329818016529765	0.03523943680551417	0.1799763832439423	0.2701789785222348	0.11078055054109655	0.06417502976001703	0.2743960192684649
0.35117189411336847	0.05444975169183973	0.10051733986915906	0.13894309843064934	0.13232593517648814	0.021199231475889743	0.1095677974825021	0.09182495176010307
0.20962073005018844	0.14036463348259248	0.07671058518983179	0.20832639761938596	0.10601002075892102	0.07658701449477684	0.10656815844752392	0.07581245995677935
0.07005010651559315	0.27241234662445923	0.17549390097482528	0.28732008480704985	0.027754616818855757	0.09145791137990364	0.037737925560766675	0.03777310731854612
0.13309980437567745	0.06012611654508468	0.4099857356376605	0.21651920276680256	0.0559895955171829	0.02308762168309171	0.0979158968221539	0.0032760266523460535
0.02843048723580413	0.18228586541130412	0.39091093808629773	0.11264001416084715	0.17381998600385817	0.07431379207793548	0.02771668157128665	0.009882235452666407
0.036117848878353814	0.20524119185121922	0.020784639040226344	0.4472346497787939	0.114690965417984	0.044039053329412395	0.0075848526051542214	0.12430679909885595
0.0871691756551394	0.08076598826162291	0.3020382375449221	0.21014414236996323	0.058665789357121245	0.013103586005714679	0.1939173896292354	0.05419569117628084
0.10026258315146418	0.3306563288951925	0.09124065208751789	0.021645874778432328	0.18146722284739417	0.1595783707431896	0.014781059083898027	0.10036790841291113
0.06023631057890974	0.0933744626915073	0.25135437111496994	0.26208830894788276	0.1125260751989924	0.05481182106305044	0.056948912555005754	0.10865973784968146
0.11815270039138923	0.1316904020987443	0.15237993308713582	0.13989490680236258	0.12481971234284717	0.03761546552024393	0.06698695310809494	0.2284599266491818
0.046593855950595134	0.016299632310481066	0.04686257522544875	0.07301486289512746	0.035950274064118104	0.364439278216304	0.03634749944755032	0.380492021890375
0.18412249093797306	0.021476712097045658	0.21563690728932017	0.3075552866633193	0.06487167340738646	0.011995247031252543	0.1795694195240952	0.014772263049607381
0.1311162138470079	0.06519087650928564	0.13622020071540006	0.11721323895702161	0.06464472759428512	0.1452849580213349	0.04439155174041287	0.29593823261525165
0.27554825381542347	0.09740282475930014	0.04799966382771592	0.02435619604561602	0.29394312344455464	0.002041325888181067	0.009953219760968204	0.2487553924582403
0.1936351669150931	0.12081460130326872	0.0918126821866529	0.10976553125176387	0.21768427030055426	0.062432756577540466	0.11100864547245823	0.09284634599266817
0.09765624922561231	0.2745265720705379	0.07228562621279772	0.036849922560531795	0.27200130537334727	0.043683740129471696	0.15143886647781174	0.05155771794988931
0.10064435831817989	0.062217670407903394	0.15011333576433214	0.04715342568199739	0.020216012347904808	0.5182324644127803	0.05473515227164623	0.04668758079525559
0.11672540492731906	0.1349248154083105	0.021255428230595258	0.19487466028070977	0.1584615598057904	0.1195928439330948	0.04671757360798892	0.20744771380619112
0.014309110706484163	0.008680614384368901	0.20601700392710226	0.11514189810010396	0.132796759886715	0.08487987204399236	0.0962572712108428	0.3419174697403904
0.0028851305706899533	0.05723326890499664	0.039974299552412565	0.40036432877720973	0.21952896995424231	0.16819372028778745	0.029561578124151222	0.08225870382850987
0.03908040482170251	0.06492117359255094	0.13358793229948426	0.12644373874494313	0.03796359687412186	0.19882382724642417	0.2627627070901899	0.13641661933058302
0.024915646985764525	0.21275034371648754	0.006725517737584494	0.006211576660997822	0.033725400554507026	0.08050232169437292	0.5955550405196096	0.03961415213067576
0.01755079782026045	0.16947058500171291	0.36090841257664075	0.012444094282377582	0.09989569994146336	0.19453618812851842	0.07442391043320458	0.07077031181582169
0.07137020224248526	0.02501989156470963	0.17932192768214741	0.22859154805587734	0.08628801030919961	0.010507600628433367	0.35796859139662296	0.04093222812052423
0.026149263398107025	0.2956034151343311	0.027276946409222277	0.19946663983603813	0.022576659025117976	0.07632549134822775	0.3258706607767425	0.026730924072213197
0.16442332004014054	0.1800892980775357	0.2855906181614516	0.06270481277028227	0.03991260320851908	0.011244043037320184	0.06878897207069114	0.1872463326340593
0.07747694045510593	0.150154547084055	0.06772466668962507	0.153587066986908	0.08518206931245767	0.2353916124735641	0.10852801175580717	0.12195508524247685
0.05677141454396206	0.07915834612606629	0.11958078417108538	0.0016891129126693077	0.052025418787702796	0.3155327323783529	0.2651270383141472	0.11011515276601387
0.07682006133239012	0.1760257011042991	0.0364920396127274	0.2603757986989256	0.12584373092628492	0.21943960105311938	0.01627430813088497	0.08872875914136827
0.08263146597132301	0.06655439754289441	0.32256936284027415	0.2343185261935557	0.044162683421549484	0.10627678285709764	0.006354966016812444	0.13713181515649298
0.06590650369359452	0.05168735976880931	0.10314150027005316	0.10895547936087738	0.154749348512147	0.14358188790540818	0.08157097015965217	0.29040695032945807
0.1553481779953994	0.1417847865717018	0.3624811412415544	0.15638036781119893	0.05538601183259821	0.002564309831910569	0.013864225901643087	0.11219097881399333
0.08297158531816493	0.03583657058363281	0.08593665340660663	0.039938877804227516	0.2508220273200131	0.12199963968377112	0.11140903410167556	0.27108561178190815
0.1734129412682991	0.06696584709566514	0.01476355206057789	0.03454460336896484	0.15603773125755535	0.11286591523335027	0.1476422703417205	0.29376713937386667
0.006386043292132507	0.024786516529091432	0.06684509888996754	0.25853258306516147	0.17351203422214362	0.11021202317432897	0.22554388052540714	0.13418182030176706
0.00796481164256449	0.05155237055447977	0.19466830231787524	0.1049672074727554	0.11197326266603257	0.03867890586167316	0.13153206834615755	0.35866307113846163
0.12908998753857276	0.1421940027590558	0.007462947948493406	0.177875375033406	0.029101433909363275	0.45550978896665206	0.016212845166833453	0.04255361867762296
0.13409794655196042	0.03463612700211957	0.18633870943391084	0.27506886858929325	0.027407171270410008	0.12170544667919259	0.12985606924750573	0.0908896612256074
0.16085249634137502	0.23201793721633873	0.05873687556410208	0.2420311729608735	0.028112676470263873	0.012988917930297134	0.14841498988596596	0.11684493363078345
0.26821077210328337	0.15802392021415776	0.012255483288394167	0.006696552972151784	0.02380271381043403	0.37406498123283094	0.1530708694629022	0.0038747069158454467
0.051002965928711855	0.09425377653426834	0.3610075277304051	0.03420934290257892	0.14262862783650862	0.020486292350806998	0.26806542147762097	0.02834604523909899
0.18197492430951834	0.0674529630408762	0.12398489741877221	0.14558522688352002	0.19195192546909562	0.05724886440560617	0.22535506354908807	0.006446134923523111
0.03907141101377275	7.710634878981409E-4	0.0681715585103898	0.23426237510926654	0.05690981668116174	0.15983798951025838	0.09451306047985579	0.3464627252073966
0.04111526203787265	0.03146276583782126	0.53011455677342	0.012032257379722175	0.041056136636711746	0.2292061659598092	0.056568470374572424	0.05844438500007046
0.12959367317443615	9.326067223454498E-4	0.02847216737075632	0.20596830519564696	0.2486000908966649	0.17768109272386762	0.003235847337869052	0.20551621657841332
0.028649469132069033	0.4635287119326875	0.006905537906694417	0.26461787281504445	0.04784781509546614	0.09483857668818657	0.09051284089087755	0.003099175538974097
0.1436547679079497	0.35331878583893794	0.05760448769931312	0.20856449722203846	0.0018921888536274495	0.02887831067255596	0.044819471381979614	0.16126749042359748
0.07653991014106047	0.031474273579569015	0.5203342836490188	0.05544848053888536	0.04818584223056464	0.08613600223522955	0.046029411457593455	0.13585179616807844
0.1567120413536242	0.08281154083723384	0.08284357132101777	0.07859059741444249	0.026809701009427783	0.1610309457496243	0.027795189157514333	0.383406413157115
0.16510504466582485	0.051560026706111095	0.03477580414202763	0.03505015188368446	0.08245762753185401	0.46078755301050534	0.04940963552764646	0.12085415653234599
0.5154494908701645	0.07222213010531828	0.18893872654330535	0.004832376694471355	0.09439457280028421	0.003882229220276326	0.037644557121807865	0.08263591664437174
0.033241623665958314	0.03954174198407334	0.12307699724546618	0.23861018381829566	0.08486191222652589	0.16357364769779925	0.10485287511996533	0.21224101824191582
0.12134756659046311	0.030228999567381343	0.031944134713264655	0.011622969495073354	0.21957332611947727	0.24632041757406076	0.15883851007939084	0.18012407586088844
0.006662895595301671	0.13339094227545553	0.1290658960105805	0.051572225033053226	0.155327381772486	0.11690002815679057	0.10117465027409328	0.305905980882239
0.04600615522835774	0.12958263855338006	0.07893836829486954	0.08785692157836686	0.0016572887166710487	0.27254114128606216	0.06875068898885103	0.3146667973534414
0.23730532029044554	0.04334094440379084	0.16101721500105035	0.07400920531658817	0.2437109569674459	0.17981417759646198	0.026673471253921624	0.03412870917029537
0.21340874752620748	0.06760969353601311	0.1537422102609009	0.015546818342001556	0.10543287530137109	0.015592634873876576	0.25475633536424747	0.17391068479538158
0.3109242603622361	0.067122795948826	0.021138844904022597	0.3242602167894741	0.07727749931520614	0.11394231711520729	0.08027689388962439	0.005057171675403108
0.004287256023449884	0.004390103592311345	0.06476650758693617	0.06833412460553578	0.07513089758709805	0.4543950494378347	0.26732648223950917	0.06136957892732474
0.24276160964119942	0.09895612811929815	0.027240618415825396	0.07988106000693221	0.025991187005809102	0.34941993747239203	0.08388731938440806	0.09186213995413535
0.02381406959621281	0.1355997405499104	0.11757612009205987	0.234992149487123	0.0915201602791687	0.26910091176688644	0.01841090641358889	0.10898594181504974
0.04118930592937198	0.044005684523081526	0.001202977366444341	0.09536332069329227	0.38931542715170697	0.05004867766150481	0.2493572872968054	0.1295173193777924
0.13086929433748046	0.14104221372158454	0.2605120314851723	0.10732016106582379	0.06922686799977762	0.07215491968842451	0.03206708961743779	0.18680742208429868
0.050605451503882445	0.11494239515028554	0.044150711180652585	0.06234220448365087	0.2472384752859264	0.1082428223328905	0.11362790960339406	0.25885003045931737
0.017857398478892894	0.2371264443049165	0.1812697145487849	0.0381682199461644	0.12009258245867005	0.009942747196156565	0.11636578254341105	0.2791771105230034
0.034890949938750124	0.10949305666331735	0.39740915814991384	0.03649265161253108	0.01725944782371415	0.10660253856276258	0.17705375330798262	0.12079844394102807
0.4382638671757232	0.0158945488707133	0.35013755243010336	0.009303480090257513	0.011158340739791342	0.044355053192751265	0.017509832641162015	0.11337732485949786
0.050751591023307854	0.1570540900097998	0.24119347776422428	0.0037161738934949895	0.11519522824514228	0.04889560080675631	0.36506021600307803	0.018133622254196263
0.10156695950054205	0.004929482504687499	0.24016874858350906	0.049193262097807194	0.20389533759893613	0.181882711178075	0.15770662005308936	0.06065687848335344
0.06610826336452952	0.083636689566702	0.03528863965524187	0.10763654885116229	0.03849661692092306	0.03733787400859867	0.17973231187058164	0.4517630557622607
0.11143526118865962	0.049589085252171775	0.038597341596375595	0.32265923700591853	0.12804507308926683	0.06309753309137556	0.17845710228815725	0.10811936648807469
0.2186246452452688	0.33473321801260425	0.3349095176364707	0.00298923999178001	0.016129300137415106	0.060076889552029195	0.0022784125239301706	0.03025877690050152
0.2807155171910801	0.042414561895351366	0.05323409143279284	0.45563830148537887	0.08077007207310877	0.04061282415041635	0.009239079502086606	0.03737555226978481
0.030795805112339758	0.37231181992421747	0.059838627436552855	0.17437259910320563	0.13456601488134154	0.16528883504050873	0.048120007849070084	0.014706290652763743
0.06995017819802407	0.1807604108765871	0.5181805013027673	0.03504395710703147	0.0217207743608102	0.030977578767104552	0.04983004159109304	0.09353655779658213
0.6476051509703269	0.043833457944520496	0.01325963070724663	0.15494418468632884	0.034635026475770284	0.023327457151778794	0.026244124996586196	0.056150967067441576
0.11859567822969322	0.1186459958776896	0.23169841294782512	0.19796370515613693	0.007317032330275253	0.0338522730096478	0.17720260812090918	0.11472429432782269
7.830091044481596E-4	0.022939249274775447	0.12639909922591927	0.001750205106500452	0.035854495028152064	0.18633371786129163	0.03521139656641921	0.5907288278324936
0.1497951595594506	0.23541922018306044	0.1037025800338333	0.014341265677501824	0.10543430660508876	0.2415799450361958	0.016580395411718588	0.13314712749315039
0.07408362399097479	0.3460779408367702	0.0024771552116906875	0.25163090037795455	0.009966238638754066	0.013856502779996213	0.025379023038256565	0.2765286151256028
0.02498756832425765	0.05647148293734354	0.11102809285200639	0.26619623754099064	0.04364072194601494	0.2429985576824092	0.13095288877246133	0.12372444994451609
0.17305803807533301	0.05350618458849009	0.1731539496309078	0.1482469517343511	0.15178693815547767	0.17206656965354616	0.11947904606004045	0.008702322101853482
0.14838307232687287	0.04918715213227606	0.02937540453729684	0.18604296627951897	0.20831760481629608	0.20348355951074917	0.069318679238074	0.10589156115891574
0.14587331533153003	0.19338923894339227	0.18765040711221487	0.030818434717313464	0.15703539512478368	0.022205191577413033	0.2188717122675749	0.04415630492577752
0.10206458545490542	0.21691241518978832	0.10268932815367318	0.11539654633929056	0.13938087429551518	0.21333384541083672	0.09114167909250906	0.01908072606348138
0.10556054251396162	0.20628443590230006	0.2200879358345474	0.02502846660090731	0.07574568481630717	0.06501363249666495	0.029824856686070378	0.2724544451492409
0.11349504871866083	0.06151959617064978	0.13323028663470393	0.025690847418636475	0.3273644344139106	0.11798754126802499	0.13182285819143238	0.08888938718398076
0.06264709940971913	0.14807938373185375	0.09204221170829413	0.38237741984092244	0.17180345163030988	0.11955088723424494	0.018886831344127913	0.004612715100527576
0.01661502716190827	0.2131354748567728	0.11416167548606132	0.11420972802717198	0.35001004202031594	0.15544915701953235	0.02080141932914835	0.015617476099088812
0.020811995630994284	0.00831767961529968	0.017006061206225873	0.17319037564299244	0.4524206878846805	0.0853199051875075	0.2398020518423829	0.0031312429899165994
0.027669424883948635	0.18698488250563972	0.001034121472624716	0.06768354217279163	0.5718685593949331	0.10313184111972876	0.022076672346833	0.019550956103500244
0.09475938344577088	0.23435271356993745	0.06797211100043607	0.2835529654596348	0.11090233028766878	0.030549970213855623	0.005858569284405479	0.17205195673829068
0.09583307001009674	0.14320505195825714	0.1967239588192614	0.23073701485973241	0.010643178151451022	0.10117494703760331	0.15071474236758026	0.07096803679601749
0.11075459940380611	0.1447999335512704	0.033522712377627495	0.0836615025906629	0.47704732306193554	0.05518118475246399	0.07744611915091498	0.017586625111318296
0.07697343279921498	0.24501204891683548	0.16718549628065024	0.020259797878692337	0.017785765152790345	0.12197677798132399	0.20670906980207657	0.1440976111884158
0.10607773485836222	0.0655033913233738	0.074306863178663	0.05941724901065304	0.1447288993599076	0.18646581398407266	0.27047064575001395	0.09302940253495348
0.4606458619994216	0.0414075558182988	0.04378458363203966	0.11968245719706318	0.06520292504041639	0.048163981759647936	0.16952362651162262	0.051589008041489484
0.08845499270236303	0.05623515946945937	0.05322202669208864	0.16164846775462222	0.03985511813329143	0.015180046453717289	0.5334167098568037	0.05198747893765414
0.08091354312799601	0.17925605888576585	0.08064349572229881	0.20174117361923818	0.20725076144311	0.031233265024821877	0.03660890625731639	0.18235279591945264
0.15975034159765006	0.07114217947730125	0.12417612489344904	0.23796622978882093	0.006055688880524851	0.0767285546520191	0.21423687031339989	0.10994401039683464
0.27456548566389305	0.11685813114539362	0.18012381555909862	0.03329613006135043	0.27100457817374146	0.030199694810473188	0.05697897646255301	0.0369731881234963
0.18761403463117332	0.018685457290885527	0.03158756254161035	0.224707836520235	0.15525906811140516	0.1736975632108098	0.04702271419527376	0.16142576349860682
0.03321918723767357	0.45721653302036713	0.05233891219267016	0.04297132666656678	0.07135121963232677	0.10099992913326304	0.06830448069962022	0.1735984114175122
0.03666589078236317	0.2877396738951012	0.022481233975287923	0.10025622205022897	0.061844180598497486	0.035084490392907064	0.05842503925371283	0.39750326905190114
0.17330464763891304	0.0553423096963475	0.02571425463900298	0.20146867361119836	0.0828482464863283	0.08488426075020725	0.08268923431350747	0.29374837286449484
0.05379027994453944	0.15853860467643333	0.42141642050416295	0.015339199970342693	0.18563972841967913	0.14081965203765343	0.01294168114857662	0.01151443329861232
0.19000095143120072	0.07009285916951147	0.0227863449360248	0.399169902468265	0.060146425511949056	0.052718406457925276	0.044648292783449714	0.1604368172416737
0.16444487387544343	0.019318762294764147	0.19447695922206848	0.08588694337953998	0.2113838897211817	0.06453962049738818	0.0447005222633899	0.21524842874622402
0.2037598493173436	0.1730080464875569	0.05380067534741899	0.019500391252317603	0.23819383564145497	0.039842819087961556	0.06770995463505437	0.20418442823089178
0.12699384677141648	0.22298937566567223	0.03917395647494304	0.05544967380639296	0.11916162414279947	0.07331300105827022	0.0050753389173421315	0.3578431831631632
0.04233073186593174	3.1550638397431774E-4	0.11931090073101006	0.006386458208225337	0.07613470859233236	0.2966937253335671	0.04498745759566167	0.4138405112892972
0.2995368272828381	0.018458666249560787	0.06777852932229245	0.30872093555158814	0.03120681159741008	0.17316143231739156	0.09748758188848729	0.003649215790431315
0.08560672134266542	0.37596738138367436	0.010469935262196098	0.1395641363161469	0.07506929987822919	0.025156454436306763	0.08934657545676324	0.19881949592401782
0.05885316848906008	0.12092481189320851	0.41106996337358703	0.03733246737838894	0.007013625782418986	0.2422849988383029	0.10264603600343561	0.019874928241597686
0.10682846286820556	0.16749171555295408	0.037419336612397755	0.37026330978880795	0.002405905398273081	0.04999709512559357	0.03837687529626016	0.22721729935750765
0.13248952916014106	0.2112685247941687	0.03022819956626563	0.10381611575686717	0.05382625240253118	0.19087120687097284	0.1429267515683814	0.13457341988067187
0.0025616317118395127	0.13849906462738526	0.3096641010199346	0.0830036050679089	0.05223409700642451	0.10910886348064597	0.2695087758357921	0.035419861250069004
0.10363313336680094	0.16443736993819602	0.09831131520306417	0.013574858652816116	0.26498129904815804	0.17259653620664972	0.08538750800433031	0.09707797957998442
0.3502255453085731	0.05579205214930327	0.05758884032933831	0.1367315504033137	0.057968206619312956	0.020338553956591246	0.13306003893812948	0.18829521229543772
0.15007222720254354	0.28436869741826826	0.003974678978098653	0.13396641480835375	0.0765277071541135	0.046329998474240755	0.21834710189742929	0.08641317406695201
0.16478335724539966	0.4517373482450431	0.02021223188160068	0.0683779595044017	0.03634009086048835	0.08616095289205034	0.11626673612830762	0.05612132324270831
0.005647409102374337	0.1347563729579396	0.010938386899765604	0.20010598345855707	0.13073053672114818	0.10675757724521788	0.3444751220996125	0.06658861151538469
0.03613827823630944	0.08467675206531147	0.014997020994994212	0.027559912055352395	0.4530053288534813	0.19312714077001208	0.027809789162004578	0.16268577786253427
0.048188379271700665	0.03795928140203855	0.1896121943238318	0.09823834775754461	0.3808548973689796	0.06073195170754747	0.1313996276007132	0.053015320567643826
0.017261286052238672	0.1535793641656646	0.168982281346217	0.09193504069338879	0.21180716573485436	0.18718348974373186	0.03662606120000901	0.13262531106389547
0.016135683254407243	0.08078383284694779	0.11605561140759495	0.023281637272970265	0.4512818290976013	0.14450930033355602	0.13840100022948018	0.02955110555744203
0.13157945371627427	0.010059680040199137	0.04731268426537699	0.16228964813323174	0.1189235140518213	0.11343854614003274	0.3649555621973972	0.051440911455666385
0.09878721989780415	0.12524463260285623	0.22137695280524772	0.04904626800804064	0.2413140329614286	0.017416454467390388	0.0846683010366341	0.16214613822059798
0.31903571395116914	0.19987010520579906	0.23872286969313072	0.037786754045442156	0.05880709806037432	0.007437416997753188	0.008667113137391005	0.1296729289089401
0.11507705838086796	0.32550503642746453	0.2173076942004454	0.05969609447919394	0.15900996177085466	0.06124564004052932	0.04951717653587752	0.012641338164766383
0.05977384122801316	0.22568056352689864	0.15947762792641698	0.009326874713802003	0.2475502551273281	0.04495529605158549	0.09969774940732128	0.15353779201863418
0.051164933044889394	0.28716557910436835	0.20949799005100178	0.1560440879927425	0.005557785394639886	0.18362214487974585	2.5800004007398014E-5	0.10692167952860464
0.1739479776953718	0.01103176661394581	0.10685400311834313	0.11557202034966876	0.1836935656634824	0.03768859795279221	0.013069115062709344	0.3581429535436863
0.07687310452830855	0.14753820963494668	0.062216021579162395	0.0837526506770932	0.29770988691848627	0.11008343748330861	0.1262551554507303	0.09557153372796383
0.12557585965786922	0.17129491733504448	0.044143003111144385	0.04003334305328074	0.1790173018463239	0.08422020168031735	0.09161056807114341	0.26410480524487634
0.0922128239136823	0.016888472805773713	0.09515708822381944	0.15267386991435333	0.11860914295251308	0.13195552296409624	0.06885643888064798	0.3236466403451137
0.08801839954335079	0.04439318890022416	0.2577132584166884	0.031754168854181794	0.020081262919175766	0.12885591904609592	0.3055203230051131	0.12366347931516984
0.2975221567525387	0.06666124840391355	0.04833311264749088	0.4200902814765849	0.010482064583954925	0.04067493316697551	0.07166442825179556	0.044571774716745685
0.2123365063527773	0.26382228786191847	0.003993849685723361	0.12520167184447364	2.5916929948432976E-4	0.1687912384005879	0.13618851929194792	0.08940675726308686
0.14090725523068232	0.16654317085982584	0.1828600236876773	0.10642150716277261	0.06025722103207179	0.032581514445619394	0.20828521819975815	0.1021440893815924
0.27550359857585127	0.2855991317031982	0.17180990253149547	0.05385166927983333	0.0692200287830954	0.06386574505541324	0.0457219738070979	0.03442795026401496
0.12176497010937873	0.14496109544484947	0.19760211407579242	0.0012427588560433717	0.10090386572897231	0.2277116341207786	0.17900209721654922	0.026811464447635602
0.03544922625594066	0.2272853996442564	0.42022333220898056	0.018063898761201957	0.17678729917834496	0.10361500739912788	0.009688142011799655	0.008887694540347657
0.13277882475072672	0.18648212145207482	0.04113750523698931	0.16985110182251253	0.07561106141575616	0.09487775465523622	0.05527649371170856	0.24398513695499544
0.016233075004097347	0.03357762459670488	0.08434020582812682	0.2099526596491508	0.2067842141968294	0.02240112141907724	0.2733323135378934	0.15337878576811997
0.25825781741034703	0.29633242257746395	0.06479231427633703	0.22718745726658135	0.006610871750212438	0.012554738136948781	0.07266539138962186	0.06159898719248727
0.003262013121312801	0.057659062425645155	0.4628465104656022	0.011560035790065745	0.0788075151671743	0.09528326554840293	0.045335726926295394	0.24524587055550132
0.11104991319286357	0.18307620882970893	0.008817472970855805	0.42626045089966813	0.06402191262825341	0.054787142985920884	0.031648879801464955	0.12033801869126413
0.16251101008776464	0.09487866690639729	0.3592533242785717	0.23791564305692642	0.01067585755312321	0.07274973086686336	0.019395760363226502	0.042620006887126596
0.15393803527214223	0.06516604325848506	0.010446524691042056	0.06757882176003356	0.09808278391293193	0.5498987379949661	0.0032050093917690287	0.051684043718629794
0.3133393164452358	0.1454180868039362	0.09027341541552653	0.19089261684608794	0.0761936030020299	0.038199728914103545	0.07271632120093166	0.07296691137214814
0.06543605720269506	0.27440919243849166	0.24008351466174052	0.016857568359952987	0.032354047545168685	0.07559631579479457	0.031044779362434202	0.26421852463472206
0.12713457575638143	0.24884489219604666	0.07821580639848702	8.88107411987013E-4	0.009720112100171235	0.18490945084843916	0.0025308512622905233	0.34775620402619667
0.09230088714159154	0.005472098166225514	0.19400873092575466	0.11304283476094233	0.23066616206801877	0.007665073162525529	0.06202906233044311	0.2948151514444983
0.17584143931872592	0.0297648909658587	0.26511932207056943	0.010757113097133744	0.04079421870081783	0.13507757758309694	0.2283105105710155	0.1143349276927817
0.008553719125734868	0.07147289307983026	0.14124950487052035	0.09608227470431528	0.20751756645822292	0.20107179713444528	0.07005943932560316	0.20399280530132768
0.07169066984039946	0.16549719558966236	0.09573908277595204	0.4893810888402389	0.02940438202191714	0.06336328321838419	0.02211071892808425	0.06281357878536156
0.11333336586485274	0.08099539182754482	0.10021235064054199	0.14976839685143212	0.07270240601355407	0.019412209089279486	0.15529352877156036	0.30828235094123424
0.21550806498344754	0.08036899695638261	0.3984227868571374	0.0029147823871159273	0.0106965456116766	0.04306554272953936	0.08376714380444267	0.16525613667025768
0.05959890119447843	0.0014125011481163768	0.3222049998073264	0.06942493133179092	0.07485393112517809	0.3101115579418106	0.04761960625333052	0.1147735711979684
0.07921143968460197	0.03260072144862532	0.15494624161211362	0.059391418872372426	0.191615354493034	0.05290917130153637	0.2116838540375367	0.21764179855017937
0.11623402409798242	0.07486491594421511	0.022829385018517334	0.08929687937447568	0.045173348370282376	0.2974961287323762	0.3436327570234608	0.010472561438689854
0.09720440988646395	0.09373950854294817	0.17618560707056052	0.16878208240617854	0.06571702981734996	6.884428218985883E-4	0.20355989188818047	0.19412302756641958
0.12566760300589114	0.23142706777878816	0.00382784306259934	0.122097465868467	0.04968969181157876	0.2219243818224943	0.17989759059390753	0.06546835605627355
0.19778868440886702	0.09914708974511324	0.04452300216205027	0.0915832784686115	0.007695589776327644	0.359956181526102	0.13116889478129604	0.06813727913163206
0.016888567013081668	0.2687440908008637	0.07702441980039068	0.11404514007822006	0.14667030400302586	0.14894503272734994	0.12571429980917356	0.10196814576789431
0.15621740493915448	0.11718945707668703	0.06786874850892752	0.017027645495467147	0.15076584515418076	0.12327926066263596	0.08799364619762934	0.2796579919653175
0.1283988381457965	0.16377793723075693	0.14732833064087258	0.007669486427677327	0.1138451115791137	0.2216216120063389	0.10811635383084917	0.10924233013859468
0.07904402603550054	0.031318126065917454	0.19375925777651926	0.40739633061342506	0.10655224305361663	0.010646327870896935	0.0022443910184428845	0.16903929756568098
0.1262060415802984	0.0048341210548117075	0.1663315915039542	0.14897242026258045	0.3108796132699042	0.04854019412975935	0.07684186917090073	0.11739414902779065
0.10843350257599627	0.032423732606199976	0.2890653416379427	0.01635992386618544	0.013585246124174527	0.08524061444780673	0.17718330867624815	0.27770833006544604
0.03282756160203533	0.06000922021168502	0.023220689998446634	0.026595511810165992	0.5260939441102966	0.10980935867035277	0.20596508663735896	0.015478626959658515
0.246615450227501	0.08233317485914843	0.057682139314154585	0.043105183429485536	0.0293945934803818	0.1142095072078225	0.04350139225570741	0.38315855922579845
0.2915288839200074	0.05100944768896322	0.058529425005329	0.07026779694888799	0.04944875360145019	0.170061968110443	0.16785798331747598	0.14129574140744294
0.10452254426509214	0.03809972759511912	0.19351357054310153	0.03709121520755208	0.16049681258358367	0.06556417660538585	0.19341696548355738	0.20729498771660798
0.13119616925413402	0.09169670593511076	0.13473043853594233	0.03268353351088163	0.18628121977956968	0.1544456486054635	0.21942914883429257	0.049537135544605315
0.05740752225410237	0.03561153892145011	0.03974132354658995	0.230432759904405	0.2392024661936201	0.2446767665088268	0.15114203551113706	0.0017855871598683182
0.15289436576455412	0.12408533209749535	0.0689785378523756	0.0560042476281163	0.04359347549559657	0.22403622533623851	0.03184490365391586	0.2985629121717075
0.30466789731145827	0.10463132311471829	0.11029934524401623	0.10314929544494644	0.05736346937208062	0.08252949014446051	0.027115582487570455	0.21024359688074892
0.07490512088653695	0.22560560377058814	0.24982126873412802	0.04043724152882816	0.10638804584304355	0.14073553991709023	0.14203437351217743	0.020072805807607286
0.3064455765715811	0.07688377242965971	0.14073931886248836	0.2306527237895694	0.011543962779952885	0.03032876302747743	0.19532170744959998	0.008084175089670811
0.028142046037577362	0.09186179236180281	0.25005561539274535	0.04026529657811956	0.19168698360389247	0.16573560686994884	0.17105132816343932	0.06120133099247416
0.004697881338424137	0.10578950088404342	0.004335238984996492	0.056499090853766865	0.09050324677872833	0.44321979499147424	0.0588444896130699	0.2361107565554964
0.15816880346405413	0.14853987454051207	0.08414568395945576	0.2773857939063195	0.024218350869991245	0.15777506752304357	0.038213591409528166	0.11155283432709531
0.009058765483936776	0.2728005665415303	0.051571704533993595	0.05698507037835822	0.005582508481611376	0.25352835069864255	0.018406681979980022	0.332066351901947
0.38708461920304493	0.08069121150557827	0.11277900681946867	0.011557445620199516	0.04170690151586577	0.04546718509606529	0.045405955627740135	0.2753076746120372
5.699347350494044E-4	0.3945754168130169	0.08777846384957635	0.0018230657997548722	0.22152555228493115	0.10777526614800399	0.13738963131212528	0.04856266905754192
0.11247336507510473	0.19383593384212172	0.008774010227978357	0.15386519894820788	0.04049899847793463	0.2788165915580002	0.20871491636249162	0.0030209855081606424
0.21880376819889788	0.07493532623195581	0.06352175416238467	0.1410160629897562	0.19712507774148463	0.07169080539698952	0.09008402034295762	0.14282318493557342
0.02564565918938609	0.11777754366054247	0.29089454029857265	0.03013098576609652	0.30425392560001274	0.017610001033906114	0.17441291170700085	0.03927443274448238
0.06036917903571483	0.06924620262607865	0.2799559297940817	0.16984383352449564	0.2550575815950856	0.0895747731485515	0.015033033692256836	0.060919466583735093
0.02507816557573113	0.11830225710994283	0.00768491806414176	0.16313546858868772	0.036005830592796134	0.12978051894176593	0.34294913330716675	0.1770637078197676
0.014642789221987765	0.10539572606205158	0.01594672184993469	0.13030222698341248	0.17486340025067654	0.4764917045001329	0.06624305696645817	0.01611437416534578
0.027710160596269254	0.27013153776455345	0.18615059400109857	0.12537028337995837	0.05382262480394959	0.010295990627861462	0.028687754588896497	0.29783105423741263
0.17284774545612636	0.15900768760819145	0.010456328450276026	0.011236195258384124	0.013738045611458027	0.40218914231984615	0.04181073282155014	0.18871412247416744
0.03375993731872952	0.26478057247231296	0.08621907910161056	0.13658102295755958	0.19164481680686574	0.0071357184862500395	0.11220646750105277	0.16767238535561863
0.05934240853188698	0.027532637392516185	0.055438417819116764	0.012952720272211407	0.09007857670108207	0.08062702640533209	0.27266609239692763	0.4013621204809267
0.0760041597795548	0.15068350464263766	0.05711289483755333	0.18046468241400504	0.19496026587237852	0.10924512917426793	0.12632673792401336	0.10520262535558916
0.022982062774655004	0.07405367399578945	0.00866035014948574	0.04628052684241235	0.049915891717873834	0.08739839508884872	0.17675837638742162	0.5339507230435131
0.02238566134715876	0.01456560418780678	0.3827017337628916	0.0198059023358991	0.014992083740971343	0.1214428249269189	0.2000236743835344	0.22408251531481885
0.15855113503960389	0.20517719051205427	0.035175761311595916	0.20108044888366647	0.012854333205646773	0.07366182659981035	0.30715431476280436	0.006344989684817698
0.06620965226889938	0.2215714309917503	0.10981134512631106	0.03431675985254665	0.05317629028614476	0.364126405807336	0.1299471717883684	0.020840943878643173
0.3482583185487016	0.14459483592024883	0.0987887375709008	0.06543666291957854	0.2388799635452093	0.05064917296550206	0.017306253389427206	0.03608605514043138
0.14411396503622653	0.22998297690239858	0.2510755747502543	0.09429312365794991	0.10522470054803346	0.05591369846107366	0.0032224095045633727	0.11617355113949984
0.08593902652405638	0.234098362358795	0.30136180294917847	0.008866259310739144	0.04472144285189586	0.18739704860017192	0.054764951666802286	0.08285110573836071
0.17709166205710733	0.015593927406915467	0.14106935534766354	0.15245591051636728	0.12555165619413883	0.044489614411156536	0.2943350456828673	0.049412828383783455
0.0874925130023802	0.017387906262139236	0.05770934651490553	0.010487330628096134	0.2055343852748956	0.30985006756127015	0.30875868494581055	0.0027797658105024464
0.001749640810782327	0.2243451054670795	0.3181616288122515	0.09725383456622666	0.1273748885577711	0.14196880164373213	0.054803867765370856	0.034342232376785686
0.09790677318862537	0.04951641186421017	0.2447620115277305	0.06947689408302384	0.03028462565982687	0.03245024739018007	0.13576996334505187	0.33983307294135107
0.16127837255247673	0.041376193897699975	0.0025519662601669185	0.054752619572512956	0.0724611209408167	0.31876682726446326	0.10833559915849662	0.24047730035336656
0.13415068943306901	0.006899218477526642	0.15882007901168804	0.022935162177298074	0.2000683414439323	0.06314451509006216	0.39200076907220316	0.02198122529422039
